5271.75 6.91758e-10 1.68783e-10
5534.62 1.28567e-09 9.48019e-11
5663.78 1.73631e-09 1.52315e-10
5804.02 2.47611e-09 9.81536e-11
5923.24 2.96207e-09 7.88356e-11
6085.87 3.55522e-09 1.31872e-10
6185.89 3.9418e-09 6.52683e-11
6378.28 4.62921e-09 1.72261e-10
6481.89 5.09657e-09 9.17299e-11
6688.29 5.79573e-09 3.10879e-10
6773.08 6.65427e-09 1.41395e-10
6997.13 9.25202e-09 5.70829e-10
7079.95 1.17178e-08 2.74028e-10
7277.04 1.97009e-08 1.11367e-09
7395.32 2.69418e-08 5.63055e-10
7580.94 3.73736e-08 3.65726e-09
7667.68 5.01755e-08 1.08162e-09
7899.65 1.04912e-07 6.86798e-09
7966.7 1.21146e-07 3.89011e-09
8180.68 1.58853e-07 1.19023e-08
8292.51 2.09827e-07 6.71063e-09
8477.42 3.55957e-07 4.09386e-08
8571.61 4.10858e-07 1.33043e-08
8787.46 5.13835e-07 1.29142e-07
8861.38 5.56042e-07 3.37034e-08
9071.86 6.81145e-07 2.02543e-07
9179.57 7.57266e-07 8.04474e-08
9458.86 9.87861e-07 1.26056e-07
