7691.76 4.05478e-08 1.35287e-09
7958.09 3.46852e-08 1.18829e-09
8236.8 5.79472e-08 1.20271e-09
8313.8 4.39184e-08 1.67547e-09
8508.89 5.23366e-08 2.93425e-09
8566.93 6.29935e-08 1.56689e-09
8842.19 4.67219e-08 5.37971e-09
8845.38 4.8256e-08 1.2304e-09
9118.47 4.72589e-08 2.66395e-09
9139.8 5.07307e-08 8.76346e-09
9478.3 5.44934e-08 4.81062e-09
9740.97 5.64996e-08 7.28587e-09
9753.99 5.68817e-08 5.7837e-09
10051 5.72053e-08 1.42694e-08
10365.9 8.68961e-08 7.06707e-09
10633 1.40551e-07 2.01872e-08
10678.4 1.44989e-07 1.34509e-08
11242.8 1.74341e-07 1.91857e-08

