5.360E+03 1.260E-08 0.250E-08
5.390E+03 1.010E-08 0.200E-08
5.440E+03 1.090E-08 0.140E-08                                                                                     
5.680E+03 0.990E-08 0.180E-08
5.810E+03 0.880E-08 0.180E-08
5.880E+03 0.900E-08 0.150E-08
6.130E+03 1.320E-08 0.250E-08
6.140E+03 0.900E-08 0.170E-08
6.210E+03 1.370E-08 0.180E-08
6.360E+03 1.320E-08 0.180E-08
6.670E+03 1.390E-08 0.180E-08
6.810E+03 1.680E-08 0.220E-08
6.890E+03 1.990E-08 0.250E-08
7.260E+03 2.480E-08 0.320E-08
7.550E+03 2.670E-08 0.350E-08
8.220E+03 4.340E-08 0.530E-08
