6.147E+03 0.876E-08 0.952E-09
6.224E+03 0.119E-07 0.305E-08
6.251E+03 0.124E-07 0.317E-08
6.275E+03 0.419E-08 0.642E-09
6.331E+03 0.436E-08 0.181E-08
6.345E+03 0.145E-07 0.371E-08
6.443E+03 0.225E-07 0.596E-08
6.461E+03 0.348E-08 0.855E-09
6.587E+03 0.124E-07 0.383E-08
6.634E+03 0.902E-08 0.213E-08
6.758E+03 0.807E-08 0.166E-08
6.793E+03 0.594E-08 0.256E-08
6.918E+03 0.112E-07 0.264E-08
7.012E+03 0.134E-07 0.355E-08
7.107E+03 0.145E-07 0.208E-08
7.159E+03 0.110E-07 0.321E-08
7.259E+03 0.511E-08 0.177E-08
7.348E+03 0.134E-07 0.276E-08
7.472E+03 0.110E-07 0.290E-08
7.569E+03 0.196E-07 0.462E-08
7.605E+03 0.144E-07 0.282E-08
7.655E+03 0.148E-07 0.320E-08
7.681E+03 0.194E-07 0.471E-08
7.709E+03 0.215E-07 0.589E-08
7.779E+03 0.297E-07 0.729E-08
8.044E+03 0.238E-07 0.441E-08
8.136E+03 0.360E-07 0.813E-08
8.318E+03 0.243E-07 0.372E-08
8.364E+03 0.204E-07 0.356E-08
8.451E+03 0.296E-07 0.698E-08
9.111E+03 0.319E-07 0.488E-08
