   0.25  0.851  8.03E-01 3.21E+00 3.21E+00 2.94E-01 5.09E-01 6.00E-01 5.72E-01 4.64E-01 3.29E-01 2.06E-01 1.14E-01 5.69E-02 2.54E-02 1.02E-02 3.69E-03 1.21E-03 3.56E-04 9.48E-05 2.29E-05 4.98E-06 9.84E-07 1.76E-07 2.85E-08 4.19E-09 5.58E-10 6.73E-11 7.37E-12 7.32E-13 6.59E-14 5.38E-15 3.99E-16 2.68E-17 1.64E-18 
   0.50  0.164  3.58E+00 1.11E+01 1.11E+01 1.02E+00 1.76E+00 2.08E+00 1.98E+00 1.61E+00 1.14E+00 7.12E-01 3.96E-01 1.97E-01 8.81E-02 3.54E-02 1.28E-02 4.18E-03 1.23E-03 3.28E-04 7.92E-05 1.73E-05 3.41E-06 6.10E-07 9.89E-08 1.45E-08 1.93E-09 2.33E-10 2.55E-11 2.53E-12 2.28E-13 1.86E-14 1.38E-15 9.28E-17 5.66E-18 
   0.75  0.225  4.16E+00 2.30E+00 2.30E+00 2.11E-01 3.65E-01 4.30E-01 4.10E-01 3.33E-01 2.36E-01 1.47E-01 8.20E-02 4.08E-02 1.82E-02 7.32E-03 2.65E-03 8.65E-04 2.55E-04 6.80E-05 1.64E-05 3.57E-06 7.06E-07 1.26E-07 2.05E-08 3.01E-09 4.00E-10 4.83E-11 5.29E-12 5.25E-13 4.72E-14 3.86E-15 2.86E-16 1.92E-17 1.17E-18 
   1.00  0.121  4.26E+00 4.01E-01 4.01E-01 3.67E-02 6.35E-02 7.49E-02 7.14E-02 5.80E-02 4.10E-02 2.57E-02 1.43E-02 7.11E-03 3.17E-03 1.27E-03 4.61E-04 1.51E-04 4.44E-05 1.18E-05 2.85E-06 6.22E-07 1.23E-07 2.20E-08 3.56E-09 5.23E-10 6.97E-11 8.41E-12 9.20E-13 9.13E-14 8.22E-15 6.72E-16 4.98E-17 3.35E-18 2.04E-19 
   1.25  0.185  5.36E+00 4.41E+00 4.41E+00 4.03E-01 6.98E-01 8.23E-01 7.85E-01 6.37E-01 4.51E-01 2.82E-01 1.57E-01 7.81E-02 3.49E-02 1.40E-02 5.07E-03 1.65E-03 4.88E-04 1.30E-04 3.13E-05 6.84E-06 1.35E-06 2.42E-07 3.92E-08 5.75E-09 7.65E-10 9.24E-11 1.01E-11 1.00E-12 9.04E-14 7.38E-15 5.47E-16 3.68E-17 2.24E-18 
   1.50  0.156  7.98E+00 1.05E+01 1.05E+01 9.58E-01 1.66E+00 1.96E+00 1.87E+00 1.51E+00 1.07E+00 6.71E-01 3.73E-01 1.86E-01 8.29E-02 3.33E-02 1.21E-02 3.94E-03 1.16E-03 3.09E-04 7.46E-05 1.63E-05 3.21E-06 5.75E-07 9.31E-08 1.37E-08 1.82E-09 2.20E-10 2.40E-11 2.39E-12 2.15E-13 1.76E-14 1.30E-15 8.75E-17 5.34E-18 
   1.75  0.064  1.04E+01 9.69E+00 9.69E+00 8.87E-01 1.54E+00 1.81E+00 1.73E+00 1.40E+00 9.92E-01 6.20E-01 3.45E-01 1.72E-01 7.67E-02 3.08E-02 1.12E-02 3.64E-03 1.07E-03 2.86E-04 6.90E-05 1.50E-05 2.97E-06 5.32E-07 8.61E-08 1.27E-08 1.68E-09 2.03E-10 2.22E-11 2.21E-12 1.99E-13 1.62E-14 1.20E-15 8.09E-17 4.94E-18 
   2.00  0.697  1.40E+01 1.44E+01 1.44E+01 1.31E+00 2.28E+00 2.69E+00 2.56E+00 2.08E+00 1.47E+00 9.20E-01 5.12E-01 2.55E-01 1.14E-01 4.57E-02 1.65E-02 5.40E-03 1.59E-03 4.24E-04 1.02E-04 2.23E-05 4.40E-06 7.88E-07 1.28E-07 1.88E-08 2.50E-09 3.01E-10 3.30E-11 3.27E-12 2.95E-13 2.41E-14 1.78E-15 1.20E-16 7.32E-18 
   2.25  0.871  1.64E+01 9.49E+00 9.49E+00 8.68E-01 1.50E+00 1.77E+00 1.69E+00 1.37E+00 9.71E-01 6.07E-01 3.38E-01 1.68E-01 7.51E-02 3.02E-02 1.09E-02 3.56E-03 1.05E-03 2.80E-04 6.75E-05 1.47E-05 2.91E-06 5.20E-07 8.43E-08 1.24E-08 1.65E-09 1.99E-10 2.18E-11 2.16E-12 1.95E-13 1.59E-14 1.18E-15 7.92E-17 4.83E-18 
   2.50  0.831  1.99E+01 1.41E+01 1.41E+01 1.29E+00 2.24E+00 2.64E+00 2.52E+00 2.05E+00 1.45E+00 9.05E-01 5.04E-01 2.51E-01 1.12E-01 4.50E-02 1.63E-02 5.31E-03 1.57E-03 4.18E-04 1.01E-04 2.20E-05 4.34E-06 7.76E-07 1.26E-07 1.85E-08 2.46E-09 2.97E-10 3.25E-11 3.22E-12 2.90E-13 2.37E-14 1.76E-15 1.18E-16 7.20E-18 
   2.75  0.523  2.37E+01 1.52E+01 1.52E+01 1.39E+00 2.42E+00 2.85E+00 2.72E+00 2.20E+00 1.56E+00 9.76E-01 5.43E-01 2.70E-01 1.21E-01 4.85E-02 1.75E-02 5.73E-03 1.69E-03 4.50E-04 1.08E-04 2.37E-05 4.67E-06 8.36E-07 1.36E-07 1.99E-08 2.65E-09 3.20E-10 3.50E-11 3.47E-12 3.13E-13 2.55E-14 1.89E-15 1.27E-16 7.76E-18 
   3.00  0.700  2.90E+01 2.13E+01 2.13E+01 1.95E+00 3.38E+00 3.98E+00 3.80E+00 3.08E+00 2.18E+00 1.36E+00 7.59E-01 3.78E-01 1.69E-01 6.78E-02 2.45E-02 8.01E-03 2.36E-03 6.29E-04 1.52E-04 3.31E-05 6.53E-06 1.17E-06 1.89E-07 2.78E-08 3.70E-09 4.47E-10 4.89E-11 4.86E-12 4.37E-13 3.57E-14 2.65E-15 1.78E-16 1.09E-17 
   3.25  0.768  3.38E+01 1.91E+01 1.91E+01 1.74E+00 3.02E+00 3.57E+00 3.40E+00 2.76E+00 1.95E+00 1.22E+00 6.80E-01 3.38E-01 1.51E-01 6.07E-02 2.19E-02 7.17E-03 2.11E-03 5.63E-04 1.36E-04 2.96E-05 5.85E-06 1.05E-06 1.70E-07 2.49E-08 3.32E-09 4.00E-10 4.38E-11 4.35E-12 3.91E-13 3.20E-14 2.37E-15 1.59E-16 9.72E-18 
   3.50  0.677  4.00E+01 2.49E+01 2.49E+01 2.27E+00 3.94E+00 4.65E+00 4.43E+00 3.60E+00 2.55E+00 1.59E+00 8.86E-01 4.41E-01 1.97E-01 7.90E-02 2.86E-02 9.34E-03 2.75E-03 7.34E-04 1.77E-04 3.86E-05 7.62E-06 1.36E-06 2.21E-07 3.25E-08 4.32E-09 5.21E-10 5.71E-11 5.66E-12 5.10E-13 4.17E-14 3.09E-15 2.08E-16 1.27E-17 
   3.75  1.475  4.72E+01 2.87E+01 2.87E+01 2.62E+00 4.54E+00 5.36E+00 5.11E+00 4.15E+00 2.94E+00 1.84E+00 1.02E+00 5.08E-01 2.27E-01 9.12E-02 3.30E-02 1.08E-02 3.18E-03 8.47E-04 2.04E-04 4.45E-05 8.79E-06 1.57E-06 2.55E-07 3.74E-08 4.98E-09 6.02E-10 6.58E-11 6.54E-12 5.88E-13 4.81E-14 3.56E-15 2.39E-16 1.46E-17 
   4.00  1.714  5.59E+01 3.47E+01 3.47E+01 3.17E+00 5.50E+00 6.49E+00 6.18E+00 5.02E+00 3.55E+00 2.22E+00 1.24E+00 6.15E-01 2.75E-01 1.10E-01 3.99E-02 1.30E-02 3.84E-03 1.02E-03 2.47E-04 5.39E-05 1.06E-05 1.90E-06 3.08E-07 4.53E-08 6.03E-09 7.28E-10 7.96E-11 7.90E-12 7.12E-13 5.81E-14 4.31E-15 2.90E-16 1.77E-17 
   4.25  1.085  6.78E+01 4.78E+01 4.78E+01 4.37E+00 7.56E+00 8.93E+00 8.51E+00 6.91E+00 4.89E+00 3.06E+00 1.70E+00 8.47E-01 3.78E-01 1.52E-01 5.49E-02 1.79E-02 5.29E-03 1.41E-03 3.40E-04 7.41E-05 1.46E-05 2.62E-06 4.24E-07 6.23E-08 8.30E-09 1.00E-09 1.10E-10 1.09E-11 9.80E-13 8.00E-14 5.93E-15 3.99E-16 2.43E-17 
   4.50  0.980  8.28E+01 5.98E+01 5.98E+01 5.47E+00 9.47E+00 1.12E+01 1.07E+01 8.65E+00 6.12E+00 3.83E+00 2.13E+00 1.06E+00 4.73E-01 1.90E-01 6.88E-02 2.25E-02 6.62E-03 1.77E-03 4.25E-04 9.28E-05 1.83E-05 3.28E-06 5.31E-07 7.80E-08 1.04E-08 1.25E-09 1.37E-10 1.36E-11 1.23E-12 1.00E-13 7.42E-15 4.99E-16 3.05E-17 
   4.75  1.156  1.01E+02 7.40E+01 7.40E+01 6.77E+00 1.17E+01 1.38E+01 1.32E+01 1.07E+01 7.57E+00 4.73E+00 2.63E+00 1.31E+00 5.86E-01 2.35E-01 8.51E-02 2.78E-02 8.19E-03 2.18E-03 5.26E-04 1.15E-04 2.27E-05 4.06E-06 6.57E-07 9.66E-08 1.29E-08 1.55E-09 1.70E-10 1.69E-11 1.52E-12 1.24E-13 9.18E-15 6.18E-16 3.77E-17 
   5.00  1.193  1.24E+02 9.13E+01 9.13E+01 8.35E+00 1.45E+01 1.71E+01 1.63E+01 1.32E+01 9.34E+00 5.84E+00 3.25E+00 1.62E+00 7.23E-01 2.90E-01 1.05E-01 3.43E-02 1.01E-02 2.69E-03 6.50E-04 1.42E-04 2.80E-05 5.01E-06 8.11E-07 1.19E-07 1.59E-08 1.91E-09 2.10E-10 2.08E-11 1.87E-12 1.53E-13 1.13E-14 7.62E-16 4.65E-17 
   5.50  1.201  1.94E+02 1.40E+02 1.40E+02 1.28E+01 2.21E+01 2.61E+01 2.49E+01 2.02E+01 1.43E+01 8.93E+00 4.97E+00 2.47E+00 1.10E+00 4.44E-01 1.61E-01 5.24E-02 1.55E-02 4.12E-03 9.93E-04 2.17E-04 4.28E-05 7.65E-06 1.24E-06 1.82E-07 2.42E-08 2.93E-09 3.20E-10 3.18E-11 2.86E-12 2.34E-13 1.73E-14 1.16E-15 7.11E-17 
   6.00  1.150  3.02E+02 2.15E+02 2.15E+02 1.97E+01 3.41E+01 4.03E+01 3.84E+01 3.11E+01 2.20E+01 1.38E+01 7.67E+00 3.82E+00 1.71E+00 6.85E-01 2.48E-01 8.09E-02 2.39E-02 6.36E-03 1.53E-03 3.34E-04 6.60E-05 1.18E-05 1.91E-06 2.81E-07 3.74E-08 4.52E-09 4.94E-10 4.91E-11 4.42E-12 3.61E-13 2.67E-14 1.80E-15 1.10E-16 
   6.50  1.150  4.68E+02 3.33E+02 3.33E+02 3.05E+01 5.28E+01 6.23E+01 5.93E+01 4.82E+01 3.41E+01 2.13E+01 1.19E+01 5.90E+00 2.64E+00 1.06E+00 3.83E-01 1.25E-01 3.69E-02 9.83E-03 2.37E-03 5.17E-04 1.02E-04 1.83E-05 2.96E-06 4.35E-07 5.79E-08 6.98E-09 7.64E-10 7.59E-11 6.83E-12 5.58E-13 4.13E-14 2.78E-15 1.70E-16 
   7.00  1.150  7.26E+02 5.15E+02 5.15E+02 4.71E+01 8.15E+01 9.62E+01 9.17E+01 7.44E+01 5.27E+01 3.30E+01 1.83E+01 9.13E+00 4.08E+00 1.64E+00 5.92E-01 1.93E-01 5.70E-02 1.52E-02 3.66E-03 7.99E-04 1.58E-04 2.82E-05 4.58E-06 6.72E-07 8.95E-08 1.08E-08 1.18E-09 1.17E-10 1.06E-11 8.63E-13 6.39E-14 4.30E-15 2.62E-16 
   7.50  1.150  1.12E+03 7.96E+02 7.96E+02 7.28E+01 1.26E+02 1.49E+02 1.42E+02 1.15E+02 8.14E+01 5.09E+01 2.83E+01 1.41E+01 6.30E+00 2.53E+00 9.15E-01 2.99E-01 8.81E-02 2.35E-02 5.66E-03 1.23E-03 2.44E-04 4.36E-05 7.07E-06 1.04E-06 1.38E-07 1.67E-08 1.83E-09 1.81E-10 1.63E-11 1.33E-12 9.88E-14 6.64E-15 4.05E-16 
   8.00  1.150  1.74E+03 1.23E+03 1.23E+03 1.12E+02 1.95E+02 2.30E+02 2.19E+02 1.78E+02 1.26E+02 7.86E+01 4.38E+01 2.18E+01 9.73E+00 3.91E+00 1.41E+00 4.62E-01 1.36E-01 3.63E-02 8.74E-03 1.91E-03 3.77E-04 6.74E-05 1.09E-05 1.60E-06 2.14E-07 2.58E-08 2.82E-09 2.80E-10 2.52E-11 2.06E-12 1.53E-13 1.03E-14 6.26E-16 
   8.50  1.150  2.69E+03 1.90E+03 1.90E+03 1.74E+02 3.01E+02 3.55E+02 3.38E+02 2.74E+02 1.94E+02 1.21E+02 6.76E+01 3.36E+01 1.50E+01 6.03E+00 2.18E+00 7.13E-01 2.10E-01 5.60E-02 1.35E-02 2.95E-03 5.82E-04 1.04E-04 1.69E-05 2.48E-06 3.30E-07 3.98E-08 4.36E-09 4.32E-10 3.89E-11 3.18E-12 2.36E-13 1.58E-14 9.66E-16 
   9.00  1.150  4.15E+03 2.93E+03 2.93E+03 2.68E+02 4.64E+02 5.48E+02 5.22E+02 4.24E+02 3.00E+02 1.88E+02 1.04E+02 5.19E+01 2.32E+01 9.31E+00 3.37E+00 1.10E+00 3.24E-01 8.65E-02 2.08E-02 4.55E-03 8.98E-04 1.61E-04 2.60E-05 3.82E-06 5.09E-07 6.14E-08 6.72E-09 6.67E-10 6.01E-11 4.91E-12 3.64E-13 2.45E-14 1.49E-15 
   9.50  1.150  6.41E+03 4.52E+03 4.52E+03 4.14E+02 7.16E+02 8.45E+02 8.05E+02 6.54E+02 4.63E+02 2.89E+02 1.61E+02 8.01E+01 3.58E+01 1.44E+01 5.20E+00 1.70E+00 5.01E-01 1.33E-01 3.22E-02 7.02E-03 1.39E-03 2.48E-04 4.02E-05 5.90E-06 7.86E-07 9.48E-08 1.04E-08 1.03E-09 9.27E-11 7.58E-12 5.61E-13 3.77E-14 2.30E-15 
  10.00  1.150  9.90E+03 6.98E+03 6.98E+03 6.38E+02 1.11E+03 1.30E+03 1.24E+03 1.01E+03 7.14E+02 4.47E+02 2.49E+02 1.24E+02 5.52E+01 2.22E+01 8.03E+00 2.62E+00 7.73E-01 2.06E-01 4.97E-02 1.08E-02 2.14E-03 3.83E-04 6.20E-05 9.11E-06 1.21E-06 1.46E-07 1.60E-08 1.59E-09 1.43E-10 1.17E-11 8.67E-13 5.83E-14 3.55E-15 
  11.00  1.150  2.66E+04 1.67E+04 1.67E+04 1.53E+03 2.64E+03 3.12E+03 2.97E+03 2.41E+03 1.71E+03 1.07E+03 5.94E+02 2.96E+02 1.32E+02 5.30E+01 1.92E+01 6.27E+00 1.85E+00 4.92E-01 1.19E-01 2.59E-02 5.11E-03 9.15E-04 1.48E-04 2.18E-05 2.90E-06 3.50E-07 3.83E-08 3.80E-09 3.42E-10 2.79E-11 2.07E-12 1.39E-13 8.50E-15 
  12.00  1.150  6.64E+04 3.98E+04 3.98E+04 3.64E+03 6.31E+03 7.44E+03 7.09E+03 5.76E+03 4.08E+03 2.55E+03 1.42E+03 7.06E+02 3.15E+02 1.27E+02 4.58E+01 1.50E+01 4.41E+00 1.18E+00 2.83E-01 6.18E-02 1.22E-02 2.18E-03 3.54E-04 5.20E-05 6.92E-06 8.35E-07 9.14E-08 9.07E-09 8.17E-10 6.67E-11 4.94E-12 3.32E-13 2.03E-14 
  13.00  1.150  1.61E+05 9.49E+04 9.49E+04 8.68E+03 1.50E+04 1.77E+04 1.69E+04 1.37E+04 9.72E+03 6.08E+03 3.38E+03 1.68E+03 7.51E+02 3.02E+02 1.09E+02 3.57E+01 1.05E+01 2.80E+00 6.75E-01 1.47E-01 2.91E-02 5.21E-03 8.44E-04 1.24E-04 1.65E-05 1.99E-06 2.18E-07 2.16E-08 1.95E-09 1.59E-10 1.18E-11 7.92E-13 4.83E-14 
  14.00  1.150  3.88E+05 2.26E+05 2.26E+05 2.07E+04 3.58E+04 4.23E+04 4.03E+04 3.27E+04 2.32E+04 1.45E+04 8.06E+03 4.01E+03 1.79E+03 7.19E+02 2.60E+02 8.50E+01 2.50E+01 6.68E+00 1.61E+00 3.51E-01 6.93E-02 1.24E-02 2.01E-03 2.95E-04 3.93E-05 4.74E-06 5.19E-07 5.15E-08 4.64E-09 3.79E-10 2.81E-11 1.89E-12 1.15E-13 
  15.00  1.150  9.28E+05 5.41E+05 5.41E+05 4.94E+04 8.56E+04 1.01E+05 9.63E+04 7.82E+04 5.53E+04 3.46E+04 1.93E+04 9.58E+03 4.28E+03 1.72E+03 6.22E+02 2.03E+02 5.99E+01 1.60E+01 3.85E+00 8.39E-01 1.66E-01 2.96E-02 4.80E-03 7.06E-04 9.39E-05 1.13E-05 1.24E-06 1.23E-07 1.11E-08 9.06E-10 6.71E-11 4.51E-12 2.75E-13 
  16.00  1.150  2.22E+06 1.29E+06 1.29E+06 1.18E+05 2.04E+05 2.41E+05 2.30E+05 1.87E+05 1.32E+05 8.26E+04 4.60E+04 2.29E+04 1.02E+04 4.10E+03 1.48E+03 4.85E+02 1.43E+02 3.81E+01 9.18E+00 2.00E+00 3.96E-01 7.08E-02 1.15E-02 1.68E-03 2.24E-04 2.71E-05 2.96E-06 2.94E-07 2.65E-08 2.16E-09 1.60E-10 1.08E-11 6.57E-13 
  17.00  1.150  5.29E+06 3.08E+06 3.08E+06 2.81E+05 4.87E+05 5.75E+05 5.48E+05 4.45E+05 3.15E+05 1.97E+05 1.10E+05 5.45E+04 2.43E+04 9.78E+03 3.54E+03 1.16E+03 3.41E+02 9.08E+01 2.19E+01 4.77E+00 9.43E-01 1.69E-01 2.73E-02 4.01E-03 5.34E-04 6.45E-05 7.06E-06 7.01E-07 6.31E-08 5.15E-09 3.82E-10 2.57E-11 1.57E-12 
  18.00  1.150  1.26E+07 7.33E+06 7.33E+06 6.70E+05 1.16E+06 1.37E+06 1.31E+06 1.06E+06 7.50E+05 4.69E+05 2.61E+05 1.30E+05 5.80E+04 2.33E+04 8.43E+03 2.75E+03 8.12E+02 2.16E+02 5.21E+01 1.14E+01 2.25E+00 4.02E-01 6.51E-02 9.57E-03 1.27E-03 1.54E-04 1.68E-05 1.67E-06 1.50E-07 1.23E-08 9.10E-10 6.12E-11 3.73E-12 
  19.00  1.150  3.01E+07 1.75E+07 1.75E+07 1.60E+06 2.77E+06 3.27E+06 3.12E+06 2.53E+06 1.79E+06 1.12E+06 6.24E+05 3.10E+05 1.39E+05 5.57E+04 2.02E+04 6.58E+03 1.94E+03 5.17E+02 1.25E+02 2.72E+01 5.37E+00 9.61E-01 1.56E-01 2.29E-02 3.04E-03 3.67E-04 4.02E-05 3.99E-06 3.59E-07 2.93E-08 2.17E-09 1.46E-10 8.92E-12 
  20.00  1.150  7.19E+07 4.18E+07 4.18E+07 3.82E+06 6.62E+06 7.81E+06 7.45E+06 6.05E+06 4.28E+06 2.68E+06 1.49E+06 7.41E+05 3.31E+05 1.33E+05 4.81E+04 1.57E+04 4.63E+03 1.23E+03 2.97E+02 6.49E+01 1.28E+01 2.29E+00 3.72E-01 5.46E-02 7.26E-03 8.77E-04 9.60E-05 9.53E-06 8.58E-07 7.00E-08 5.19E-09 3.49E-10 2.13E-11 
  22.50  1.150  9.90E+08 3.67E+08 3.67E+08 3.36E+07 5.82E+07 6.86E+07 6.54E+07 5.31E+07 3.76E+07 2.35E+07 1.31E+07 6.51E+06 2.91E+06 1.17E+06 4.22E+05 1.38E+05 4.07E+04 1.08E+04 2.61E+03 5.70E+02 1.13E+02 2.01E+01 3.26E+00 4.79E-01 6.38E-02 7.70E-03 8.43E-04 8.37E-05 7.53E-06 6.15E-07 4.56E-08 3.06E-09 1.87E-10 
  25.00  1.150  9.06E+09 3.23E+09 3.23E+09 2.95E+08 5.12E+08 6.04E+08 5.75E+08 4.67E+08 3.31E+08 2.07E+08 1.15E+08 5.72E+07 2.56E+07 1.03E+07 3.72E+06 1.21E+06 3.58E+05 9.53E+04 2.30E+04 5.01E+03 9.90E+02 1.77E+02 2.87E+01 4.22E+00 5.61E-01 6.77E-02 7.41E-03 7.36E-04 6.62E-05 5.41E-06 4.01E-07 2.70E-08 1.64E-09 
  30.00  1.150  1.26E+12 2.49E+11 2.49E+11 2.28E+10 3.95E+10 4.66E+10 4.44E+10 3.61E+10 2.55E+10 1.60E+10 8.88E+09 4.42E+09 1.97E+09 7.93E+08 2.87E+08 9.37E+07 2.76E+07 7.36E+06 1.77E+06 3.87E+05 7.64E+04 1.37E+04 2.22E+03 3.25E+02 4.33E+01 5.23E+00 5.72E-01 5.68E-02 5.11E-03 4.18E-04 3.10E-05 2.08E-06 1.27E-07 
  40.00  1.150  1.49E+16 1.49E+15 1.49E+15 1.37E+14 2.37E+14 2.79E+14 2.66E+14 2.16E+14 1.53E+14 9.56E+13 5.32E+13 2.65E+13 1.18E+13 4.75E+12 1.72E+12 5.61E+11 1.65E+11 4.41E+10 1.06E+10 2.32E+09 4.58E+08 8.19E+07 1.33E+07 1.95E+06 2.60E+05 3.13E+04 3.43E+03 3.40E+02 3.06E+01 2.50E+00 1.85E-01 1.25E-02 7.61E-04 
  50.00  1.150  8.91E+19 8.91E+18 8.91E+18 8.15E+17 1.41E+18 1.66E+18 1.59E+18 1.29E+18 9.12E+17 5.70E+17 3.17E+17 1.58E+17 7.05E+16 2.83E+16 1.02E+16 3.35E+15 9.87E+14 2.63E+14 6.34E+13 1.38E+13 2.73E+12 4.88E+11 7.92E+10 1.16E+10 1.55E+09 1.87E+08 2.04E+07 2.03E+06 1.83E+05 1.49E+04 1.11E+03 7.43E+01 4.54E+00 
  60.00  1.150  5.34E+23 5.34E+22 5.34E+22 4.88E+21 8.45E+21 9.97E+21 9.50E+21 7.71E+21 5.46E+21 3.41E+21 1.90E+21 9.46E+20 4.22E+20 1.70E+20 6.14E+19 2.00E+19 5.91E+18 1.57E+18 3.80E+17 8.28E+16 1.64E+16 2.93E+15 4.74E+14 6.96E+13 9.27E+12 1.12E+12 1.22E+11 1.22E+10 1.09E+09 8.94E+07 6.62E+06 4.45E+05 2.72E+04 
  70.00  1.150  3.18E+27 3.18E+26 3.18E+26 2.91E+25 5.04E+25 5.95E+25 5.67E+25 4.60E+25 3.26E+25 2.04E+25 1.13E+25 5.64E+24 2.52E+24 1.01E+24 3.66E+23 1.20E+23 3.52E+22 9.39E+21 2.26E+21 4.94E+20 9.75E+19 1.74E+19 2.83E+18 4.15E+17 5.53E+16 6.67E+15 7.30E+14 7.25E+13 6.53E+12 5.33E+11 3.95E+10 2.66E+09 1.62E+08 
