  0.0000000e+00 
  0.0000000e+00 
  0.0000000e+00 
  0.0000000e+00 
  0.0000000e+00 
  0.0000000e+00 
  0.0000000e+00 
  0.0000000e+00 
  0.0000000e+00 
  0.0000000e+00 
  0.0000000e+00 
  0.0000000e+00 
  5.6499797e-08 
  5.7232992e-08 
  4.7931760e-08 
  4.6718668e-08 
  4.0511097e-08 
  3.3090775e-08 
  3.0655542e-08 
  3.1101941e-08 
  3.1916471e-08 
  3.3172718e-08 
  3.5605744e-08 
  3.5983422e-08 
  3.9493877e-08 
  4.3313431e-08 
  5.6444041e-08 
  6.8764599e-08 
  7.4920024e-08 
  7.0519853e-08 
  7.3688241e-08 
  8.3288093e-08 
  9.8432650e-08 
  1.1583550e-07 
  1.1588414e-07 
  1.5468660e-07 
  1.5900252e-07 
  2.2957373e-07 
  2.3072579e-07 
  3.3875500e-07 
  4.1773379e-07 
  4.5862623e-07 
  5.3192144e-07 
  7.6582700e-07 
  0.0000000e+00 
  0.0000000e+00 
  0.0000000e+00 
  0.0000000e+00 
  0.0000000e+00 
  0.0000000e+00 
  0.0000000e+00 
  0.0000000e+00 
  0.0000000e+00 
  0.0000000e+00 
  0.0000000e+00 
  0.0000000e+00 
  0.0000000e+00 
  1.0129291e-08 
  8.7386596e-09 
  6.6825887e-09 
  6.4447421e-09 
  6.5064598e-09 
  5.9039289e-09 
  5.7760960e-09 
  5.8089271e-09 
  6.3331984e-09 
  6.1475860e-09 
  5.9928933e-09 
  6.0529866e-09 
  6.3406538e-09 
  6.7726624e-09 
  6.5939600e-09 
  7.8805984e-09 
  8.9213357e-09 
  9.6198240e-09 
  7.4255282e-09 
  6.8662556e-09 
  6.0832606e-09 
  7.7590441e-09 
  8.5633642e-09 
  1.1884048e-08 
  1.0309354e-08 
  2.0703709e-08 
  1.5725586e-08 
  3.4803062e-08 
  4.8681077e-08 
  6.2944956e-08 
  5.7786178e-08 
  1.1487087e-07 
  0.0000000e+00 
