  0.0000000e+00 
  0.0000000e+00 
  0.0000000e+00 
  0.0000000e+00 
  0.0000000e+00 
  0.0000000e+00 
  0.0000000e+00 
  0.0000000e+00 
  0.0000000e+00 
  0.0000000e+00 
  0.0000000e+00 
  0.0000000e+00 
  4.6529244e-08 
  4.7133049e-08 
  3.9473210e-08 
  3.8474194e-08 
  3.3362081e-08 
  2.7251224e-08 
  2.5245738e-08 
  2.5613362e-08 
  2.6284150e-08 
  2.7318709e-08 
  2.9322376e-08 
  2.9633407e-08 
  3.2524369e-08 
  3.5669885e-08 
  4.6483326e-08 
  5.6629666e-08 
  6.1698842e-08 
  5.8075170e-08 
  6.0684428e-08 
  6.8590190e-08 
  8.1062183e-08 
  9.5393943e-08 
  9.5433990e-08 
  1.2738897e-07 
  1.3094325e-07 
  1.8906071e-07 
  1.9000946e-07 
  2.7897471e-07 
  3.4401606e-07 
  3.7769217e-07 
  4.3805295e-07 
  6.3068103e-07 
  0.0000000e+00 
  0.0000000e+00 
  0.0000000e+00 
  0.0000000e+00 
  0.0000000e+00 
  0.0000000e+00 
  0.0000000e+00 
  0.0000000e+00 
  0.0000000e+00 
  0.0000000e+00 
  0.0000000e+00 
  0.0000000e+00 
  0.0000000e+00 
  8.3417682e-09 
  7.1965425e-09 
  5.5033080e-09 
  5.3074345e-09 
  5.3582609e-09 
  4.8620592e-09 
  4.7567847e-09 
  4.7838222e-09 
  5.2155751e-09 
  5.0627178e-09 
  4.9353237e-09 
  4.9848121e-09 
  5.2217146e-09 
  5.5774865e-09 
  5.4303197e-09 
  6.4899042e-09 
  7.3469821e-09 
  7.9222078e-09 
  6.1151408e-09 
  5.6545630e-09 
  5.0097437e-09 
  6.3898007e-09 
  7.0521824e-09 
  9.7868629e-09 
  8.4900558e-09 
  1.7050112e-08 
  1.2950482e-08 
  2.8661342e-08 
  4.0090296e-08 
  5.1837024e-08 
  4.7588614e-08 
  9.4599535e-08 
  0.0000000e+00 
