  0.0000000e+00 
  0.0000000e+00 
  0.0000000e+00 
  0.0000000e+00 
  0.0000000e+00 
  0.0000000e+00 
  0.0000000e+00 
  0.0000000e+00 
  0.0000000e+00 
  0.0000000e+00 
  0.0000000e+00 
  0.0000000e+00 
  6.7782722e-08 
  6.8753302e-08 
  5.7656123e-08 
  5.6271386e-08 
  4.8859178e-08 
  3.9962632e-08 
  3.7070734e-08 
  3.7660374e-08 
  3.8697873e-08 
  4.0274323e-08 
  4.3285478e-08 
  4.3802576e-08 
  4.8139547e-08 
  5.2865182e-08 
  6.8982708e-08 
  8.4151552e-08 
  9.1805795e-08 
  8.6528416e-08 
  9.0535821e-08 
  1.0246606e-07 
  1.2125827e-07 
  1.4288577e-07 
  1.4313517e-07 
  1.9131541e-07 
  1.9691379e-07 
  2.8468813e-07 
  2.8649589e-07 
  4.2119470e-07 
  5.2008198e-07 
  5.7175009e-07 
  6.6400247e-07 
  9.5725568e-07 
  0.0000000e+00 
  0.0000000e+00 
  0.0000000e+00 
  0.0000000e+00 
  0.0000000e+00 
  0.0000000e+00 
  0.0000000e+00 
  0.0000000e+00 
  0.0000000e+00 
  0.0000000e+00 
  0.0000000e+00 
  0.0000000e+00 
  0.0000000e+00 
  1.2152095e-08 
  1.0497646e-08 
  8.0383487e-09 
  7.7625195e-09 
  7.8472393e-09 
  7.1299802e-09 
  6.9848416e-09 
  7.0338499e-09 
  7.6788353e-09 
  7.4636599e-09 
  7.2854900e-09 
  7.3682926e-09 
  7.7286968e-09 
  8.2662126e-09 
  8.0587634e-09 
  9.6439816e-09 
  1.0932061e-08 
  1.1803600e-08 
  9.1232506e-09 
  8.4472838e-09 
  7.4939122e-09 
  9.5709600e-09 
  1.0577105e-08 
  1.4698115e-08 
  1.2767432e-08 
  2.5674108e-08 
  1.9526713e-08 
  4.3272760e-08 
  6.0608336e-08 
  7.8470833e-08 
  7.2135023e-08 
  1.4358437e-07 
  0.0000000e+00 
