  0.0000000e+00 
  0.0000000e+00 
  0.0000000e+00 
  0.0000000e+00 
  0.0000000e+00 
  0.0000000e+00 
  0.0000000e+00 
  0.0000000e+00 
  0.0000000e+00 
  0.0000000e+00 
  0.0000000e+00 
  0.0000000e+00 
  1.1299959e-07 
  1.1446598e-07 
  9.5863520e-08 
  9.3437336e-08 
  8.1022193e-08 
  6.6181549e-08 
  6.1311084e-08 
  6.2203881e-08 
  6.3832942e-08 
  6.6345436e-08 
  7.1211488e-08 
  7.1966845e-08 
  7.8987753e-08 
  8.6626862e-08 
  1.1288808e-07 
  1.3752920e-07 
  1.4984005e-07 
  1.4103971e-07 
  1.4737648e-07 
  1.6657619e-07 
  1.9686530e-07 
  2.3167101e-07 
  2.3176828e-07 
  3.0937321e-07 
  3.1800505e-07 
  4.5914746e-07 
  4.6145158e-07 
  6.7751000e-07 
  8.3546757e-07 
  9.1725246e-07 
  1.0638429e-06 
  1.5316540e-06 
  0.0000000e+00 
  0.0000000e+00 
  0.0000000e+00 
  0.0000000e+00 
  0.0000000e+00 
  0.0000000e+00 
  0.0000000e+00 
  0.0000000e+00 
  0.0000000e+00 
  0.0000000e+00 
  0.0000000e+00 
  0.0000000e+00 
  0.0000000e+00 
  2.0258582e-08 
  1.7477319e-08 
  1.3365177e-08 
  1.2889484e-08 
  1.3012920e-08 
  1.1807858e-08 
  1.1552192e-08 
  1.1617854e-08 
  1.2666397e-08 
  1.2295172e-08 
  1.1985787e-08 
  1.2105973e-08 
  1.2681308e-08 
  1.3545325e-08 
  1.3187920e-08 
  1.5761197e-08 
  1.7842671e-08 
  1.9239648e-08 
  1.4851056e-08 
  1.3732511e-08 
  1.2166521e-08 
  1.5518088e-08 
  1.7126728e-08 
  2.3768097e-08 
  2.0618709e-08 
  4.1407418e-08 
  3.1451172e-08 
  6.9606124e-08 
  9.7362154e-08 
  1.2588991e-07 
  1.1557236e-07 
  2.2974174e-07 
  0.0000000e+00 
