  0.0000000e+00 
  0.0000000e+00 
  0.0000000e+00 
  0.0000000e+00 
  0.0000000e+00 
  0.0000000e+00 
  0.0000000e+00 
  0.0000000e+00 
  0.0000000e+00 
  0.0000000e+00 
  0.0000000e+00 
  0.0000000e+00 
  2.3264622e-08 
  2.3566525e-08 
  1.9736605e-08 
  1.9237097e-08 
  1.6681041e-08 
  1.3625612e-08 
  1.2622869e-08 
  1.2806681e-08 
  1.3142075e-08 
  1.3659355e-08 
  1.4661188e-08 
  1.4816703e-08 
  1.6262184e-08 
  1.7834942e-08 
  2.3241663e-08 
  2.8314833e-08 
  3.0849421e-08 
  2.9037585e-08 
  3.0342214e-08 
  3.4295095e-08 
  4.0531091e-08 
  4.7696972e-08 
  4.7716995e-08 
  6.3694486e-08 
  6.5471625e-08 
  9.4530357e-08 
  9.5004729e-08 
  1.3948735e-07 
  1.7200803e-07 
  1.8884609e-07 
  2.1902648e-07 
  3.1534051e-07 
  0.0000000e+00 
  0.0000000e+00 
  0.0000000e+00 
  0.0000000e+00 
  0.0000000e+00 
  0.0000000e+00 
  0.0000000e+00 
  0.0000000e+00 
  0.0000000e+00 
  0.0000000e+00 
  0.0000000e+00 
  0.0000000e+00 
  0.0000000e+00 
  4.1708841e-09 
  3.5982712e-09 
  2.7516540e-09 
  2.6537172e-09 
  2.6791305e-09 
  2.4310296e-09 
  2.3783924e-09 
  2.3919111e-09 
  2.6077875e-09 
  2.5313589e-09 
  2.4676619e-09 
  2.4924061e-09 
  2.6108573e-09 
  2.7887432e-09 
  2.7151599e-09 
  3.2449521e-09 
  3.6734911e-09 
  3.9611039e-09 
  3.0575704e-09 
  2.8272815e-09 
  2.5048719e-09 
  3.1949003e-09 
  3.5260912e-09 
  4.8934314e-09 
  4.2450279e-09 
  8.5250562e-09 
  6.4752412e-09 
  1.4330671e-08 
  2.0045148e-08 
  2.5918512e-08 
  2.3794307e-08 
  4.7299768e-08 
  0.0000000e+00 
