  0.0000000e+00 
  0.0000000e+00 
  0.0000000e+00 
  0.0000000e+00 
  0.0000000e+00 
  0.0000000e+00 
  0.0000000e+00 
  0.0000000e+00 
  0.0000000e+00 
  0.0000000e+00 
  0.0000000e+00 
  0.0000000e+00 
  7.3278614e-09 
  7.4327891e-09 
  6.2330940e-09 
  6.0833929e-09 
  5.2820730e-09 
  4.3202846e-09 
  4.0076467e-09 
  4.0713917e-09 
  4.1835535e-09 
  4.3539807e-09 
  4.6795110e-09 
  4.7354134e-09 
  5.2042752e-09 
  5.7151546e-09 
  7.4575892e-09 
  9.0974641e-09 
  9.9249498e-09 
  9.3544230e-09 
  9.7876560e-09 
  1.1077412e-08 
  1.3109002e-08 
  1.5447108e-08 
  1.5474072e-08 
  2.0682746e-08 
  2.1287976e-08 
  3.0777095e-08 
  3.0972526e-08 
  4.5534559e-08 
  5.6225076e-08 
  6.1810816e-08 
  7.1784044e-08 
  1.0348710e-07 
  0.0000000e+00 
  0.0000000e+00 
  0.0000000e+00 
  0.0000000e+00 
  0.0000000e+00 
  0.0000000e+00 
  0.0000000e+00 
  0.0000000e+00 
  0.0000000e+00 
  0.0000000e+00 
  0.0000000e+00 
  0.0000000e+00 
  0.0000000e+00 
  1.3137399e-09 
  1.1348806e-09 
  8.6901064e-10 
  8.3919127e-10 
  8.4835017e-10 
  7.7080864e-10 
  7.5511797e-10 
  7.6041617e-10 
  8.3014434e-10 
  8.0688212e-10 
  7.8762047e-10 
  7.9657214e-10 
  8.3553481e-10 
  8.9364455e-10 
  8.7121765e-10 
  1.0425926e-09 
  1.1818444e-09 
  1.2760648e-09 
  9.8629727e-10 
  9.1321983e-10 
  8.1015261e-10 
  1.0346983e-09 
  1.1434708e-09 
  1.5889853e-09 
  1.3802629e-09 
  2.7755791e-09 
  2.1109958e-09 
  4.6781357e-09 
  6.5522525e-09 
  8.4833331e-09 
  7.7983806e-09 
  1.5522634e-08 
  0.0000000e+00 
