   0.25  0.380  6.20E-01 2.48E+00 2.48E+00 2.27E-01 3.93E-01 4.63E-01 4.41E-01 3.58E-01 2.54E-01 1.59E-01 8.83E-02 4.39E-02 1.96E-02 7.88E-03 2.85E-03 9.31E-04 2.74E-04 7.32E-05 1.76E-05 3.85E-06 7.60E-07 1.36E-07 2.20E-08 3.23E-09 4.31E-10 5.20E-11 5.69E-12 5.65E-13 5.08E-14 4.15E-15 3.08E-16 2.07E-17 1.26E-18 
   0.50  0.122  2.79E+00 8.69E+00 8.69E+00 7.95E-01 1.38E+00 1.62E+00 1.55E+00 1.26E+00 8.90E-01 5.56E-01 3.10E-01 1.54E-01 6.88E-02 2.76E-02 1.00E-02 3.26E-03 9.63E-04 2.57E-04 6.18E-05 1.35E-05 2.66E-06 4.77E-07 7.72E-08 1.13E-08 1.51E-09 1.82E-10 2.00E-11 1.98E-12 1.78E-13 1.46E-14 1.08E-15 7.26E-17 4.43E-18 
   0.75  0.365  3.37E+00 2.30E+00 2.30E+00 2.10E-01 3.64E-01 4.30E-01 4.10E-01 3.33E-01 2.36E-01 1.47E-01 8.20E-02 4.08E-02 1.82E-02 7.32E-03 2.65E-03 8.64E-04 2.55E-04 6.79E-05 1.64E-05 3.57E-06 7.05E-07 1.26E-07 2.05E-08 3.00E-09 4.00E-10 4.83E-11 5.28E-12 5.24E-13 4.72E-14 3.86E-15 2.86E-16 1.92E-17 1.17E-18 
   1.00  0.794  4.25E+00 3.53E+00 3.53E+00 3.22E-01 5.58E-01 6.59E-01 6.28E-01 5.10E-01 3.61E-01 2.26E-01 1.26E-01 6.25E-02 2.79E-02 1.12E-02 4.06E-03 1.32E-03 3.90E-04 1.04E-04 2.51E-05 5.47E-06 1.08E-06 1.93E-07 3.13E-08 4.60E-09 6.13E-10 7.39E-11 8.09E-12 8.03E-13 7.23E-14 5.91E-15 4.38E-16 2.94E-17 1.80E-18 
   1.25  0.724  5.41E+00 4.65E+00 4.65E+00 4.25E-01 7.36E-01 8.69E-01 8.28E-01 6.72E-01 4.76E-01 2.97E-01 1.66E-01 8.24E-02 3.68E-02 1.48E-02 5.35E-03 1.75E-03 5.15E-04 1.37E-04 3.31E-05 7.21E-06 1.42E-06 2.55E-07 4.13E-08 6.07E-09 8.07E-10 9.75E-11 1.07E-11 1.06E-12 9.53E-14 7.79E-15 5.77E-16 3.88E-17 2.37E-18 
   1.50  1.079  7.09E+00 6.73E+00 6.73E+00 6.16E-01 1.07E+00 1.26E+00 1.20E+00 9.74E-01 6.89E-01 4.31E-01 2.40E-01 1.19E-01 5.33E-02 2.14E-02 7.75E-03 2.53E-03 7.46E-04 1.99E-04 4.79E-05 1.05E-05 2.06E-06 3.69E-07 5.99E-08 8.79E-09 1.17E-09 1.41E-10 1.55E-11 1.53E-12 1.38E-13 1.13E-14 8.36E-16 5.62E-17 3.43E-18 
   1.75  0.901  9.25E+00 8.64E+00 8.64E+00 7.90E-01 1.37E+00 1.62E+00 1.54E+00 1.25E+00 8.84E-01 5.53E-01 3.08E-01 1.53E-01 6.84E-02 2.75E-02 9.94E-03 3.25E-03 9.57E-04 2.55E-04 6.15E-05 1.34E-05 2.65E-06 4.74E-07 7.68E-08 1.13E-08 1.50E-09 1.81E-10 1.98E-11 1.97E-12 1.77E-13 1.45E-14 1.07E-15 7.21E-17 4.40E-18 
   2.00  1.061  1.22E+01 1.16E+01 1.16E+01 1.06E+00 1.83E+00 2.17E+00 2.06E+00 1.67E+00 1.19E+00 7.41E-01 4.13E-01 2.05E-01 9.17E-02 3.68E-02 1.33E-02 4.35E-03 1.28E-03 3.42E-04 8.24E-05 1.80E-05 3.55E-06 6.35E-07 1.03E-07 1.51E-08 2.01E-09 2.43E-10 2.66E-11 2.64E-12 2.38E-13 1.94E-14 1.44E-15 9.67E-17 5.90E-18 
   2.25  0.690  1.48E+01 1.06E+01 1.06E+01 9.72E-01 1.68E+00 1.99E+00 1.89E+00 1.54E+00 1.09E+00 6.80E-01 3.78E-01 1.88E-01 8.41E-02 3.38E-02 1.22E-02 3.99E-03 1.18E-03 3.14E-04 7.56E-05 1.65E-05 3.26E-06 5.83E-07 9.44E-08 1.39E-08 1.85E-09 2.23E-10 2.44E-11 2.42E-12 2.18E-13 1.78E-14 1.32E-15 8.87E-17 5.41E-18 
   2.50  1.812  1.81E+01 1.31E+01 1.31E+01 1.20E+00 2.08E+00 2.45E+00 2.34E+00 1.90E+00 1.34E+00 8.40E-01 4.68E-01 2.33E-01 1.04E-01 4.17E-02 1.51E-02 4.93E-03 1.45E-03 3.88E-04 9.34E-05 2.04E-05 4.02E-06 7.20E-07 1.17E-07 1.71E-08 2.28E-09 2.75E-10 3.01E-11 2.99E-12 2.69E-13 2.20E-14 1.63E-15 1.10E-16 6.69E-18 
   2.75  1.413  2.22E+01 1.65E+01 1.65E+01 1.51E+00 2.61E+00 3.08E+00 2.93E+00 2.38E+00 1.69E+00 1.05E+00 5.87E-01 2.92E-01 1.30E-01 5.24E-02 1.90E-02 6.19E-03 1.82E-03 4.86E-04 1.17E-04 2.56E-05 5.05E-06 9.03E-07 1.46E-07 2.15E-08 2.86E-09 3.45E-10 3.78E-11 3.75E-12 3.38E-13 2.76E-14 2.04E-15 1.37E-16 8.39E-18 
   3.00  2.377  2.75E+01 2.11E+01 2.11E+01 1.93E+00 3.34E+00 3.94E+00 3.75E+00 3.05E+00 2.16E+00 1.35E+00 7.51E-01 3.74E-01 1.67E-01 6.70E-02 2.42E-02 7.92E-03 2.33E-03 6.22E-04 1.50E-04 3.27E-05 6.46E-06 1.16E-06 1.87E-07 2.75E-08 3.66E-09 4.42E-10 4.84E-11 4.80E-12 4.32E-13 3.53E-14 2.62E-15 1.76E-16 1.07E-17 
   3.25  2.366  3.32E+01 2.28E+01 2.28E+01 2.09E+00 3.61E+00 4.26E+00 4.06E+00 3.30E+00 2.33E+00 1.46E+00 8.12E-01 4.04E-01 1.80E-01 7.25E-02 2.62E-02 8.56E-03 2.52E-03 6.73E-04 1.62E-04 3.54E-05 6.99E-06 1.25E-06 2.03E-07 2.98E-08 3.96E-09 4.78E-10 5.23E-11 5.19E-12 4.68E-13 3.82E-14 2.83E-15 1.90E-16 1.16E-17 
   3.50  2.539  3.99E+01 2.68E+01 2.68E+01 2.45E+00 4.24E+00 5.00E+00 4.77E+00 3.87E+00 2.74E+00 1.71E+00 9.53E-01 4.74E-01 2.12E-01 8.51E-02 3.08E-02 1.01E-02 2.96E-03 7.90E-04 1.90E-04 4.15E-05 8.20E-06 1.47E-06 2.38E-07 3.49E-08 4.65E-09 5.61E-10 6.14E-11 6.10E-12 5.49E-13 4.48E-14 3.32E-15 2.23E-16 1.36E-17 
   3.75  2.136  4.76E+01 3.11E+01 3.11E+01 2.84E+00 4.92E+00 5.81E+00 5.54E+00 4.50E+00 3.18E+00 1.99E+00 1.11E+00 5.51E-01 2.46E-01 9.88E-02 3.58E-02 1.17E-02 3.44E-03 9.18E-04 2.21E-04 4.83E-05 9.53E-06 1.70E-06 2.76E-07 4.06E-08 5.40E-09 6.52E-10 7.14E-11 7.08E-12 6.38E-13 5.21E-14 3.86E-15 2.60E-16 1.58E-17 
   4.00  1.523  5.73E+01 3.86E+01 3.86E+01 3.53E+00 6.11E+00 7.21E+00 6.87E+00 5.58E+00 3.95E+00 2.47E+00 1.37E+00 6.84E-01 3.05E-01 1.23E-01 4.44E-02 1.45E-02 4.27E-03 1.14E-03 2.74E-04 5.99E-05 1.18E-05 2.11E-06 3.43E-07 5.03E-08 6.70E-09 8.09E-10 8.85E-11 8.79E-12 7.91E-13 6.46E-14 4.79E-15 3.22E-16 1.96E-17 
   4.25  1.543  6.95E+01 4.88E+01 4.88E+01 4.46E+00 7.73E+00 9.12E+00 8.69E+00 7.06E+00 4.99E+00 3.12E+00 1.74E+00 8.65E-01 3.86E-01 1.55E-01 5.61E-02 1.83E-02 5.40E-03 1.44E-03 3.47E-04 7.57E-05 1.50E-05 2.68E-06 4.34E-07 6.37E-08 8.48E-09 1.02E-09 1.12E-10 1.11E-11 1.00E-12 8.18E-14 6.06E-15 4.07E-16 2.48E-17 
   4.50  1.085  8.45E+01 6.01E+01 6.01E+01 5.50E+00 9.52E+00 1.12E+01 1.07E+01 8.69E+00 6.16E+00 3.85E+00 2.14E+00 1.07E+00 4.76E-01 1.91E-01 6.92E-02 2.26E-02 6.66E-03 1.78E-03 4.28E-04 9.33E-05 1.84E-05 3.30E-06 5.34E-07 7.85E-08 1.04E-08 1.26E-09 1.38E-10 1.37E-11 1.23E-12 1.01E-13 7.47E-15 5.02E-16 3.06E-17 
   4.75  1.195  1.03E+02 7.41E+01 7.41E+01 6.78E+00 1.17E+01 1.39E+01 1.32E+01 1.07E+01 7.58E+00 4.74E+00 2.64E+00 1.31E+00 5.87E-01 2.36E-01 8.53E-02 2.78E-02 8.21E-03 2.19E-03 5.27E-04 1.15E-04 2.27E-05 4.06E-06 6.59E-07 9.67E-08 1.29E-08 1.55E-09 1.70E-10 1.69E-11 1.52E-12 1.24E-13 9.20E-15 6.19E-16 3.77E-17 
   5.00  1.195  1.26E+02 9.13E+01 9.13E+01 8.35E+00 1.45E+01 1.71E+01 1.63E+01 1.32E+01 9.35E+00 5.84E+00 3.25E+00 1.62E+00 7.23E-01 2.90E-01 1.05E-01 3.43E-02 1.01E-02 2.70E-03 6.50E-04 1.42E-04 2.80E-05 5.01E-06 8.11E-07 1.19E-07 1.59E-08 1.91E-09 2.10E-10 2.08E-11 1.87E-12 1.53E-13 1.13E-14 7.62E-16 4.65E-17 
   5.50  1.195  1.95E+02 1.39E+02 1.39E+02 1.27E+01 2.20E+01 2.59E+01 2.47E+01 2.00E+01 1.42E+01 8.87E+00 4.94E+00 2.46E+00 1.10E+00 4.41E-01 1.59E-01 5.21E-02 1.54E-02 4.09E-03 9.86E-04 2.15E-04 4.25E-05 7.60E-06 1.23E-06 1.81E-07 2.41E-08 2.91E-09 3.18E-10 3.16E-11 2.84E-12 2.32E-13 1.72E-14 1.16E-15 7.06E-17 
   6.00  1.195  3.00E+02 2.10E+02 2.10E+02 1.92E+01 3.33E+01 3.93E+01 3.75E+01 3.04E+01 2.15E+01 1.35E+01 7.49E+00 3.73E+00 1.66E+00 6.69E-01 2.42E-01 7.90E-02 2.33E-02 6.21E-03 1.50E-03 3.26E-04 6.45E-05 1.15E-05 1.87E-06 2.75E-07 3.65E-08 4.41E-09 4.83E-10 4.79E-11 4.31E-12 3.52E-13 2.61E-14 1.76E-15 1.07E-16 
   6.50  1.195  4.60E+02 3.19E+02 3.19E+02 2.92E+01 5.06E+01 5.97E+01 5.69E+01 4.62E+01 3.27E+01 2.04E+01 1.14E+01 5.66E+00 2.53E+00 1.02E+00 3.67E-01 1.20E-01 3.54E-02 9.43E-03 2.27E-03 4.96E-04 9.79E-05 1.75E-05 2.84E-06 4.17E-07 5.55E-08 6.70E-09 7.33E-10 7.28E-11 6.55E-12 5.35E-13 3.96E-14 2.67E-15 1.63E-16 
   7.00  1.195  7.03E+02 4.86E+02 4.86E+02 4.45E+01 7.70E+01 9.09E+01 8.66E+01 7.03E+01 4.97E+01 3.11E+01 1.73E+01 8.62E+00 3.85E+00 1.55E+00 5.59E-01 1.83E-01 5.38E-02 1.43E-02 3.46E-03 7.54E-04 1.49E-04 2.67E-05 4.32E-06 6.34E-07 8.45E-08 1.02E-08 1.12E-09 1.11E-10 9.97E-12 8.14E-13 6.03E-14 4.06E-15 2.48E-16 
   7.50  1.195  1.07E+03 7.39E+02 7.39E+02 6.76E+01 1.17E+02 1.38E+02 1.32E+02 1.07E+02 7.57E+01 4.73E+01 2.63E+01 1.31E+01 5.85E+00 2.35E+00 8.51E-01 2.78E-01 8.19E-02 2.18E-02 5.26E-03 1.15E-03 2.27E-04 4.06E-05 6.57E-06 9.65E-07 1.28E-07 1.55E-08 1.70E-09 1.68E-10 1.52E-11 1.24E-12 9.18E-14 6.17E-15 3.77E-16 
   8.00  1.195  1.64E+03 1.12E+03 1.12E+03 1.03E+02 1.78E+02 2.10E+02 2.00E+02 1.63E+02 1.15E+02 7.20E+01 4.01E+01 1.99E+01 8.90E+00 3.58E+00 1.29E+00 4.22E-01 1.25E-01 3.32E-02 8.00E-03 1.75E-03 3.45E-04 6.17E-05 1.00E-05 1.47E-06 1.95E-07 2.36E-08 2.58E-09 2.56E-10 2.31E-11 1.88E-12 1.40E-13 9.39E-15 5.73E-16 
   8.50  1.195  2.49E+03 1.71E+03 1.71E+03 1.56E+02 2.71E+02 3.20E+02 3.05E+02 2.47E+02 1.75E+02 1.09E+02 6.09E+01 3.03E+01 1.35E+01 5.44E+00 1.97E+00 6.42E-01 1.89E-01 5.05E-02 1.22E-02 2.65E-03 5.24E-04 9.38E-05 1.52E-05 2.23E-06 2.97E-07 3.59E-08 3.92E-09 3.90E-10 3.51E-11 2.86E-12 2.12E-13 1.43E-14 8.71E-16 
   9.00  1.195  3.79E+03 2.60E+03 2.60E+03 2.38E+02 4.12E+02 4.86E+02 4.63E+02 3.76E+02 2.66E+02 1.66E+02 9.26E+01 4.61E+01 2.06E+01 8.26E+00 2.99E+00 9.76E-01 2.88E-01 7.67E-02 1.85E-02 4.03E-03 7.97E-04 1.43E-04 2.31E-05 3.39E-06 4.52E-07 5.45E-08 5.97E-09 5.92E-10 5.33E-11 4.35E-12 3.23E-13 2.17E-14 1.32E-15 
   9.50  1.195  5.76E+03 3.95E+03 3.95E+03 3.61E+02 6.26E+02 7.38E+02 7.04E+02 5.71E+02 4.04E+02 2.53E+02 1.41E+02 7.00E+01 3.13E+01 1.26E+01 4.54E+00 1.48E+00 4.37E-01 1.17E-01 2.81E-02 6.13E-03 1.21E-03 2.17E-04 3.51E-05 5.16E-06 6.86E-07 8.28E-08 9.07E-09 9.00E-10 8.10E-11 6.62E-12 4.90E-13 3.30E-14 2.01E-15 
  10.00  1.195  8.76E+03 6.00E+03 6.00E+03 5.49E+02 9.50E+02 1.12E+03 1.07E+03 8.68E+02 6.14E+02 3.84E+02 2.14E+02 1.06E+02 4.75E+01 1.91E+01 6.90E+00 2.25E+00 6.65E-01 1.77E-01 4.27E-02 9.31E-03 1.84E-03 3.29E-04 5.33E-05 7.83E-06 1.04E-06 1.26E-07 1.38E-08 1.37E-09 1.23E-10 1.01E-11 7.45E-13 5.01E-14 3.06E-15 
  11.00  1.195  2.26E+04 1.38E+04 1.38E+04 1.27E+03 2.19E+03 2.59E+03 2.46E+03 2.00E+03 1.42E+03 8.86E+02 4.93E+02 2.45E+02 1.10E+02 4.40E+01 1.59E+01 5.20E+00 1.53E+00 4.08E-01 9.85E-02 2.15E-02 4.24E-03 7.59E-04 1.23E-04 1.81E-05 2.40E-06 2.90E-07 3.18E-08 3.15E-09 2.84E-10 2.32E-11 1.72E-12 1.15E-13 7.05E-15 
  12.00  1.195  5.45E+04 3.19E+04 3.19E+04 2.92E+03 5.05E+03 5.96E+03 5.68E+03 4.61E+03 3.26E+03 2.04E+03 1.14E+03 5.65E+02 2.52E+02 1.01E+02 3.67E+01 1.20E+01 3.53E+00 9.41E-01 2.27E-01 4.95E-02 9.77E-03 1.75E-03 2.83E-04 4.16E-05 5.54E-06 6.69E-07 7.32E-08 7.26E-09 6.54E-10 5.34E-11 3.96E-12 2.66E-13 1.62E-14 
  13.00  1.195  1.28E+05 7.37E+04 7.37E+04 6.74E+03 1.17E+04 1.38E+04 1.31E+04 1.07E+04 7.54E+03 4.71E+03 2.62E+03 1.31E+03 5.83E+02 2.34E+02 8.47E+01 2.77E+01 8.16E+00 2.17E+00 5.24E-01 1.14E-01 2.26E-02 4.04E-03 6.55E-04 9.61E-05 1.28E-05 1.54E-06 1.69E-07 1.68E-08 1.51E-09 1.23E-10 9.14E-12 6.15E-13 3.75E-14 
  14.00  1.195  2.99E+05 1.70E+05 1.70E+05 1.56E+04 2.70E+04 3.19E+04 3.04E+04 2.46E+04 1.74E+04 1.09E+04 6.07E+03 3.02E+03 1.35E+03 5.42E+02 1.96E+02 6.40E+01 1.89E+01 5.03E+00 1.21E+00 2.65E-01 5.23E-02 9.35E-03 1.51E-03 2.22E-04 2.96E-05 3.57E-06 3.91E-07 3.88E-08 3.50E-09 2.86E-10 2.12E-11 1.42E-12 8.68E-14 
  15.00  1.195  6.93E+05 3.94E+05 3.94E+05 3.60E+04 6.24E+04 7.36E+04 7.02E+04 5.70E+04 4.03E+04 2.52E+04 1.40E+04 6.98E+03 3.12E+03 1.25E+03 4.53E+02 1.48E+02 4.36E+01 1.16E+01 2.80E+00 6.11E-01 1.21E-01 2.16E-02 3.50E-03 5.14E-04 6.84E-05 8.26E-06 9.04E-07 8.97E-08 8.08E-09 6.60E-10 4.89E-11 3.29E-12 2.01E-13 
  16.00  1.195  1.60E+06 9.09E+05 9.09E+05 8.32E+04 1.44E+05 1.70E+05 1.62E+05 1.31E+05 9.31E+04 5.82E+04 3.24E+04 1.61E+04 7.20E+03 2.89E+03 1.05E+03 3.42E+02 1.01E+02 2.68E+01 6.47E+00 1.41E+00 2.79E-01 4.99E-02 8.08E-03 1.19E-03 1.58E-04 1.91E-05 2.09E-06 2.07E-07 1.87E-08 1.52E-09 1.13E-10 7.59E-12 4.63E-13 
  17.00  1.195  3.70E+06 2.10E+06 2.10E+06 1.92E+05 3.32E+05 3.92E+05 3.74E+05 3.03E+05 2.15E+05 1.34E+05 7.47E+04 3.72E+04 1.66E+04 6.67E+03 2.41E+03 7.88E+02 2.32E+02 6.19E+01 1.49E+01 3.26E+00 6.43E-01 1.15E-01 1.86E-02 2.74E-03 3.64E-04 4.40E-05 4.81E-06 4.78E-07 4.30E-08 3.51E-09 2.60E-10 1.75E-11 1.07E-12 
  18.00  1.195  8.53E+06 4.83E+06 4.83E+06 4.42E+05 7.65E+05 9.03E+05 8.61E+05 6.99E+05 4.94E+05 3.09E+05 1.72E+05 8.56E+04 3.82E+04 1.54E+04 5.56E+03 1.81E+03 5.35E+02 1.43E+02 3.44E+01 7.50E+00 1.48E+00 2.65E-01 4.29E-02 6.31E-03 8.39E-04 1.01E-04 1.11E-05 1.10E-06 9.91E-08 8.09E-09 6.00E-10 4.03E-11 2.46E-12 
  19.00  1.195  1.97E+07 1.12E+07 1.12E+07 1.02E+06 1.77E+06 2.09E+06 1.99E+06 1.61E+06 1.14E+06 7.14E+05 3.98E+05 1.98E+05 8.84E+04 3.55E+04 1.28E+04 4.19E+03 1.24E+03 3.30E+02 7.94E+01 1.73E+01 3.42E+00 6.12E-01 9.92E-02 1.46E-02 1.94E-03 2.34E-04 2.56E-05 2.54E-06 2.29E-07 1.87E-08 1.39E-09 9.32E-11 5.68E-12 
  20.00  1.195  4.55E+07 2.58E+07 2.58E+07 2.36E+06 4.09E+06 4.83E+06 4.60E+06 3.73E+06 2.64E+06 1.65E+06 9.20E+05 4.58E+05 2.04E+05 8.21E+04 2.97E+04 9.70E+03 2.86E+03 7.62E+02 1.84E+02 4.01E+01 7.92E+00 1.42E+00 2.30E-01 3.37E-02 4.49E-03 5.42E-04 5.93E-05 5.89E-06 5.30E-07 4.33E-08 3.21E-09 2.16E-10 1.32E-11 
  22.50  1.195  5.69E+08 2.09E+08 2.09E+08 1.91E+07 3.32E+07 3.91E+07 3.73E+07 3.03E+07 2.14E+07 1.34E+07 7.45E+06 3.71E+06 1.66E+06 6.65E+05 2.41E+05 7.86E+04 2.32E+04 6.18E+03 1.49E+03 3.25E+02 6.42E+01 1.15E+01 1.86E+00 2.73E-01 3.64E-02 4.39E-03 4.80E-04 4.77E-05 4.29E-06 3.51E-07 2.60E-08 1.75E-09 1.07E-10 
  25.00  1.195  4.80E+09 1.69E+09 1.69E+09 1.55E+08 2.68E+08 3.16E+08 3.01E+08 2.45E+08 1.73E+08 1.08E+08 6.03E+07 3.00E+07 1.34E+07 5.38E+06 1.95E+06 6.35E+05 1.87E+05 4.99E+04 1.20E+04 2.63E+03 5.19E+02 9.28E+01 1.50E+01 2.21E+00 2.94E-01 3.55E-02 3.88E-03 3.85E-04 3.47E-05 2.83E-06 2.10E-07 1.41E-08 8.62E-10 
  30.00  1.195  5.60E+11 1.11E+11 1.11E+11 1.01E+10 1.76E+10 2.07E+10 1.98E+10 1.60E+10 1.14E+10 7.10E+09 3.95E+09 1.97E+09 8.78E+08 3.53E+08 1.28E+08 4.17E+07 1.23E+07 3.28E+06 7.90E+05 1.72E+05 3.40E+04 6.08E+03 9.86E+02 1.45E+02 1.93E+01 2.33E+00 2.55E-01 2.53E-02 2.28E-03 1.86E-04 1.38E-05 9.26E-07 5.65E-08 
  40.00  1.195  4.80E+15 4.80E+14 4.80E+14 4.39E+13 7.60E+13 8.97E+13 8.55E+13 6.94E+13 4.91E+13 3.07E+13 1.71E+13 8.50E+12 3.80E+12 1.53E+12 5.52E+11 1.80E+11 5.31E+10 1.42E+10 3.41E+09 7.45E+08 1.47E+08 2.63E+07 4.26E+06 6.26E+05 8.34E+04 1.01E+04 1.10E+03 1.09E+02 9.84E+00 8.04E-01 5.96E-02 4.00E-03 2.44E-04 
  50.00  1.195  2.07E+19 2.07E+18 2.07E+18 1.89E+17 3.27E+17 3.86E+17 3.68E+17 2.99E+17 2.11E+17 1.32E+17 7.36E+16 3.66E+16 1.63E+16 6.57E+15 2.38E+15 7.76E+14 2.29E+14 6.10E+13 1.47E+13 3.21E+12 6.33E+11 1.13E+11 1.84E+10 2.70E+09 3.59E+08 4.33E+07 4.74E+06 4.70E+05 4.24E+04 3.46E+03 2.56E+02 1.72E+01 1.05E+00 
  60.00  1.195  8.87E+22 8.87E+21 8.87E+21 8.11E+20 1.41E+21 1.66E+21 1.58E+21 1.28E+21 9.08E+20 5.68E+20 3.16E+20 1.57E+20 7.02E+19 2.82E+19 1.02E+19 3.33E+18 9.82E+17 2.62E+17 6.31E+16 1.38E+16 2.72E+15 4.86E+14 7.88E+13 1.16E+13 1.54E+12 1.86E+11 2.04E+10 2.02E+09 1.82E+08 1.49E+07 1.10E+06 7.40E+04 4.52E+03 
  70.00  1.195  3.84E+26 3.84E+25 3.84E+25 3.51E+24 6.07E+24 7.17E+24 6.83E+24 5.54E+24 3.93E+24 2.45E+24 1.37E+24 6.80E+23 3.04E+23 1.22E+23 4.41E+22 1.44E+22 4.25E+21 1.13E+21 2.73E+20 5.95E+19 1.18E+19 2.10E+18 3.41E+17 5.01E+16 6.66E+15 8.04E+14 8.80E+13 8.74E+12 7.87E+11 6.42E+10 4.76E+09 3.20E+08 1.95E+07 
  80.00  1.195  1.65E+30 1.65E+29 1.65E+29 1.51E+28 2.61E+28 3.09E+28 2.94E+28 2.39E+28 1.69E+28 1.06E+28 5.88E+27 2.93E+27 1.31E+27 5.25E+26 1.90E+26 6.20E+25 1.83E+25 4.87E+24 1.17E+24 2.56E+23 5.06E+22 9.05E+21 1.47E+21 2.15E+20 2.87E+19 3.46E+18 3.79E+17 3.76E+16 3.39E+15 2.77E+14 2.05E+13 1.38E+12 8.41E+10 
