#     E      f(E1)     Model:  6
    0.001  0.00000E+00
    0.002  0.00000E+00
    0.005  0.00000E+00
    0.010  0.00000E+00
    0.020  0.00000E+00
    0.050  0.00000E+00
    0.100  0.00000E+00
    0.200  5.06728E-09
    0.300  3.69684E-09
    0.400  3.03395E-09
    0.500  2.65403E-09
    0.600  2.41737E-09
    0.700  2.26161E-09
    0.800  2.15812E-09
    0.900  2.08947E-09
    1.000  2.04650E-09
    1.100  2.02132E-09
    1.200  2.00999E-09
    1.300  2.01049E-09
    1.400  2.02037E-09
    1.500  2.03770E-09
    1.600  2.06201E-09
    1.700  2.09217E-09
    1.800  2.12821E-09
    1.900  2.16853E-09
    2.000  2.21406E-09
    2.200  2.31803E-09
    2.400  2.44025E-09
    2.600  2.58588E-09
    2.800  2.77260E-09
    3.000  3.04568E-09
    3.200  3.44090E-09
    3.400  3.79359E-09
    3.600  4.21067E-09
    3.800  4.69294E-09
    4.000  5.07464E-09
    4.500  5.88015E-09
    5.000  6.78924E-09
    5.500  7.79124E-09
    6.000  9.01201E-09
    6.500  1.07901E-08
    7.000  1.29846E-08
    7.500  1.57602E-08
    8.000  1.93424E-08
    8.500  2.41303E-08
    9.000  3.08178E-08
    9.500  4.07752E-08
   10.000  5.65527E-08
   10.500  7.98937E-08
   11.000  1.04345E-07
   11.500  1.31234E-07
   12.000  1.69051E-07
   12.500  2.08343E-07
   13.000  2.37400E-07
   13.500  2.67324E-07
   14.000  3.10866E-07
   14.500  3.57618E-07
   15.000  3.93961E-07
   15.500  4.16599E-07
   16.000  4.34120E-07
   16.500  4.62050E-07
   17.000  4.94923E-07
   17.500  5.11490E-07
   18.000  5.02295E-07
   18.500  4.77489E-07
   19.000  4.52942E-07
   19.500  4.34901E-07
   20.000  4.17640E-07
   21.000  3.57791E-07
   22.000  2.78947E-07
   23.000  2.14675E-07
   23.500  1.89087E-07
   24.000  1.66709E-07
   24.500  1.47367E-07
   25.000  1.30887E-07
   25.500  1.16922E-07
   26.000  1.05212E-07
   26.500  9.52375E-08
   27.000  8.65899E-08
   27.500  7.90003E-08
   28.000  7.22262E-08
   28.500  6.61285E-08
   29.000  6.06640E-08
   29.500  5.58154E-08
   30.000  5.15046E-08
