#     E      f(E1)     Model:  9
    0.001  0.00000E+00
    0.002  0.00000E+00
    0.005  0.00000E+00
    0.010  0.00000E+00
    0.020  0.00000E+00
    0.050  0.00000E+00
    0.100  0.00000E+00
    0.200  4.88457E-10
    0.300  5.40076E-10
    0.400  5.95009E-10
    0.500  6.54651E-10
    0.600  7.18542E-10
    0.700  7.88101E-10
    0.800  8.62154E-10
    0.900  9.44460E-10
    1.000  1.02520E-09
    1.100  1.11952E-09
    1.200  1.21519E-09
    1.300  1.31438E-09
    1.400  1.42619E-09
    1.500  1.53640E-09
    1.600  1.66254E-09
    1.700  1.79028E-09
    1.800  1.92656E-09
    1.900  2.06341E-09
    2.000  2.21408E-09
    2.200  2.53328E-09
    2.400  2.87841E-09
    2.600  3.25492E-09
    2.800  3.67673E-09
    3.000  4.13208E-09
    3.200  4.62081E-09
    3.400  5.14803E-09
    3.600  5.70563E-09
    3.800  6.29914E-09
    4.000  6.92807E-09
    4.500  8.68636E-09
    5.000  1.07987E-08
    5.500  1.31742E-08
    6.000  1.60030E-08
    6.500  1.96980E-08
    7.000  2.41043E-08
    7.500  2.91958E-08
    8.000  3.53021E-08
    8.500  4.25013E-08
    9.000  5.12010E-08
    9.500  6.16008E-08
   10.000  7.40042E-08
   10.500  8.89925E-08
   11.000  1.07034E-07
   11.500  1.28978E-07
   12.000  1.55000E-07
   12.500  1.85965E-07
   13.000  2.23002E-07
   13.500  2.64028E-07
   14.000  3.09999E-07
   14.500  3.55970E-07
   15.000  4.00032E-07
   15.500  4.34033E-07
   16.000  4.53983E-07
   16.500  4.57019E-07
   17.000  4.44008E-07
   17.500  4.17987E-07
   18.000  3.85981E-07
   18.500  3.49985E-07
   19.000  3.13989E-07
   19.500  2.81029E-07
   20.000  2.51018E-07
   21.000  2.00970E-07
   22.000  1.62979E-07
   23.000  1.34009E-07
   23.500  1.22039E-07
   24.000  1.11978E-07
   24.500  1.02957E-07
   25.000  9.50641E-08
   25.500  8.80383E-08
   26.000  8.16978E-08
   26.500  7.61033E-08
   27.000  7.10031E-08
   27.500  6.65015E-08
   28.000  6.23988E-08
   28.500  5.85997E-08
   29.000  5.51996E-08
   29.500  5.21985E-08
   30.000  4.93015E-08
