#     E      f(E1)     Model:  4
    0.001  0.00000E+00
    0.002  0.00000E+00
    0.005  0.00000E+00
    0.010  0.00000E+00
    0.020  0.00000E+00
    0.050  0.00000E+00
    0.100  0.00000E+00
    0.200  3.34372E-10
    0.300  3.60220E-10
    0.400  3.87975E-10
    0.500  4.17640E-10
    0.600  4.49299E-10
    0.700  4.82867E-10
    0.800  5.18516E-10
    0.900  5.56159E-10
    1.000  5.95885E-10
    1.100  6.37692E-10
    1.200  6.81669E-10
    1.300  7.27899E-10
    1.400  7.76386E-10
    1.500  8.27127E-10
    1.600  8.80383E-10
    1.700  9.35896E-10
    1.800  9.94010E-10
    1.900  1.05559E-09
    2.000  1.11891E-09
    2.200  1.25596E-09
    2.400  1.40775E-09
    2.600  1.57862E-09
    2.800  1.78072E-09
    3.000  2.07302E-09
    3.200  2.55268E-09
    3.400  2.92218E-09
    3.600  3.38449E-09
    3.800  3.96389E-09
    4.000  4.38630E-09
    4.500  5.31439E-09
    5.000  6.34136E-09
    5.500  7.55222E-09
    6.000  9.01201E-09
    6.500  1.07901E-08
    7.000  1.29846E-08
    7.500  1.57602E-08
    8.000  1.93424E-08
    8.500  2.41303E-08
    9.000  3.08178E-08
    9.500  4.07752E-08
   10.000  5.65527E-08
   10.500  7.98937E-08
   11.000  1.04345E-07
   11.500  1.31234E-07
   12.000  1.69051E-07
   12.500  2.08343E-07
   13.000  2.37400E-07
   13.500  2.67324E-07
   14.000  3.10866E-07
   14.500  3.57618E-07
   15.000  3.93961E-07
   15.500  4.16599E-07
   16.000  4.34120E-07
   16.500  4.62050E-07
   17.000  4.94923E-07
   17.500  5.11490E-07
   18.000  5.02295E-07
   18.500  4.77489E-07
   19.000  4.52942E-07
   19.500  4.34901E-07
   20.000  4.17640E-07
   21.000  3.57791E-07
   22.000  2.78947E-07
   23.000  2.14675E-07
   23.500  1.89087E-07
   24.000  1.66709E-07
   24.500  1.47367E-07
   25.000  1.30887E-07
   25.500  1.16922E-07
   26.000  1.05212E-07
   26.500  9.52375E-08
   27.000  8.65899E-08
   27.500  7.90003E-08
   28.000  7.22262E-08
   28.500  6.61285E-08
   29.000  6.06640E-08
   29.500  5.58154E-08
   30.000  5.15046E-08
