#     E      f(E1)     Model:  7
    0.001  0.00000E+00
    0.002  0.00000E+00
    0.005  0.00000E+00
    0.010  0.00000E+00
    0.020  0.00000E+00
    0.050  0.00000E+00
    0.100  0.00000E+00
    0.200  1.94979E-09
    0.300  1.61851E-09
    0.400  1.49224E-09
    0.500  1.45754E-09
    0.600  1.45814E-09
    0.700  1.47829E-09
    0.800  1.51743E-09
    0.900  1.58274E-09
    1.000  1.66049E-09
    1.100  1.73771E-09
    1.200  1.81327E-09
    1.300  1.88601E-09
    1.400  1.95708E-09
    1.500  2.02520E-09
    1.600  2.09110E-09
    1.700  2.15568E-09
    1.800  2.21888E-09
    1.900  2.27968E-09
    2.000  2.34152E-09
    2.200  2.41488E-09
    2.400  2.41601E-09
    2.600  2.39936E-09
    2.800  2.37898E-09
    3.000  2.37233E-09
    3.200  2.37727E-09
    3.400  2.38745E-09
    3.600  2.40420E-09
    3.800  2.43224E-09
    4.000  2.63732E-09
    4.500  2.62570E-09
    5.000  2.89685E-09
    5.500  3.18018E-09
    6.000  3.40010E-09
    6.500  4.48952E-09
    7.000  1.02003E-08
    7.500  4.29176E-08
    8.000  5.33521E-08
    8.500  4.97005E-08
    9.000  5.82874E-08
    9.500  7.35619E-08
   10.000  5.99875E-08
   10.500  8.44561E-08
   11.000  1.33055E-07
   11.500  1.98628E-07
   12.000  2.19879E-07
   12.500  1.99669E-07
   13.000  2.32543E-07
   13.500  3.29949E-07
   14.000  4.78963E-07
   14.500  4.82780E-07
   15.000  4.00900E-07
   15.500  3.71322E-07
   16.000  3.76613E-07
   16.500  3.73925E-07
   17.000  3.57444E-07
   17.500  3.48510E-07
   18.000  3.53628E-07
   18.500  3.65945E-07
   19.000  3.75746E-07
   19.500  3.76353E-07
   20.000  3.67593E-07
   21.000  3.35933E-07
   22.000  3.02800E-07
   23.000  2.74524E-07
   23.500  2.54834E-07
   24.000  2.34711E-07
   24.500  2.16843E-07
   25.000  2.01144E-07
   25.500  1.87266E-07
   26.000  1.75122E-07
   26.500  1.64367E-07
   27.000  1.54913E-07
   27.500  1.46499E-07
   28.000  1.39040E-07
   28.500  1.32361E-07
   29.000  1.26376E-07
   29.500  1.20912E-07
   30.000  1.15968E-07
