#     E      f(E1)     Model:  8
    0.001  9.43916E-10
    0.002  9.43776E-10
    0.005  9.43356E-10
    0.010  9.42654E-10
    0.020  9.41249E-10
    0.050  9.37015E-10
    0.100  9.29892E-10
    0.200  9.36201E-10
    0.300  9.42110E-10
    0.400  9.54026E-10
    0.500  9.72368E-10
    0.600  9.97343E-10
    0.700  1.02908E-09
    0.800  1.06781E-09
    0.900  1.11345E-09
    1.000  1.16623E-09
    1.100  1.22605E-09
    1.200  1.29316E-09
    1.300  1.36757E-09
    1.400  1.44927E-09
    1.500  1.53852E-09
    1.600  1.63552E-09
    1.700  1.73984E-09
    1.800  1.85239E-09
    1.900  1.97319E-09
    2.000  2.10228E-09
    2.200  2.38559E-09
    2.400  2.70453E-09
    2.600  3.06235E-09
    2.800  3.45973E-09
    3.000  3.90002E-09
    3.200  4.38655E-09
    3.400  4.92167E-09
    3.600  5.50938E-09
    3.800  6.15177E-09
    4.000  6.85334E-09
    4.500  8.88519E-09
    5.000  1.13778E-08
    5.500  1.43885E-08
    6.000  1.80339E-08
    6.500  2.24229E-08
    7.000  2.77004E-08
    7.500  3.40124E-08
    8.000  4.15484E-08
    8.500  5.04817E-08
    9.000  6.10804E-08
    9.500  7.36920E-08
   10.000  8.88190E-08
   10.500  1.07034E-07
   11.000  1.29152E-07
   11.500  1.55954E-07
   12.000  1.88393E-07
   12.500  2.27338E-07
   13.000  2.73569E-07
   13.500  3.27000E-07
   14.000  3.86762E-07
   14.500  4.49473E-07
   15.000  5.08801E-07
   15.500  5.56333E-07
   16.000  5.84349E-07
   16.500  5.89293E-07
   17.000  5.72986E-07
   17.500  5.41067E-07
   18.000  4.99954E-07
   18.500  4.54937E-07
   19.000  4.09313E-07
   19.500  3.64817E-07
   20.000  3.22316E-07
   21.000  2.48242E-07
   22.000  1.92036E-07
   23.000  1.51790E-07
   23.500  1.36351E-07
   24.000  1.23254E-07
   24.500  1.12238E-07
   25.000  1.02957E-07
   25.500  9.49774E-08
   26.000  8.82118E-08
   26.500  8.22703E-08
   27.000  7.70574E-08
   27.500  7.23649E-08
   28.000  6.80367E-08
   28.500  6.40034E-08
   29.000  6.02391E-08
   29.500  5.67609E-08
   30.000  5.35863E-08
