#     E      f(E1)     Model:  1
    0.001  4.17778E-09
    0.002  4.17743E-09
    0.005  4.17640E-09
    0.010  4.17468E-09
    0.020  4.17124E-09
    0.050  4.16082E-09
    0.100  4.14324E-09
    0.200  4.10726E-09
    0.300  4.07028E-09
    0.400  4.03240E-09
    0.500  3.99372E-09
    0.600  3.95434E-09
    0.700  3.91435E-09
    0.800  3.87385E-09
    0.900  3.83294E-09
    1.000  3.79172E-09
    1.100  3.75028E-09
    1.200  3.70872E-09
    1.300  3.66714E-09
    1.400  3.62564E-09
    1.500  3.58431E-09
    1.600  3.54327E-09
    1.700  3.50260E-09
    1.800  3.46241E-09
    1.900  3.42282E-09
    2.000  3.38391E-09
    2.200  3.30860E-09
    2.400  3.23737E-09
    2.600  3.17113E-09
    2.800  3.11084E-09
    3.000  3.05751E-09
    3.200  3.01219E-09
    3.400  2.97600E-09
    3.600  2.95014E-09
    3.800  2.93587E-09
    4.000  2.93455E-09
    4.500  2.99775E-09
    5.000  3.17746E-09
    5.500  3.50568E-09
    6.000  4.06307E-09
    6.500  5.44046E-09
    7.000  7.19604E-09
    7.500  9.42879E-09
    8.000  1.22677E-08
    8.500  1.58826E-08
    9.000  2.04987E-08
    9.500  2.64175E-08
   10.000  3.40449E-08
   10.500  4.39301E-08
   11.000  5.68144E-08
   11.500  7.36889E-08
   12.000  9.58422E-08
   12.500  1.24850E-07
   13.000  1.62382E-07
   13.500  2.09582E-07
   14.000  2.65698E-07
   14.500  3.25962E-07
   15.000  3.80180E-07
   15.500  4.15245E-07
   16.000  4.22498E-07
   16.500  4.03509E-07
   17.000  3.67711E-07
   17.500  3.25524E-07
   18.000  2.84071E-07
   18.500  2.46810E-07
   19.000  2.14783E-07
   19.500  1.87826E-07
   20.000  1.65313E-07
   21.000  1.30773E-07
   22.000  1.06247E-07
   23.000  8.83455E-08
   23.500  8.11670E-08
   24.000  7.49022E-08
   24.500  6.94000E-08
   25.000  6.45384E-08
   25.500  6.02186E-08
   26.000  5.63601E-08
   26.500  5.28966E-08
   27.000  4.97736E-08
   27.500  4.69454E-08
   28.000  4.43742E-08
   28.500  4.20278E-08
   29.000  3.98791E-08
   29.500  3.79051E-08
   30.000  3.60861E-08
