#     E      f(E1)     Model:  5
    0.001  5.89832E-09
    0.002  5.89761E-09
    0.005  5.89550E-09
    0.010  5.89198E-09
    0.020  5.88499E-09
    0.050  5.86426E-09
    0.100  5.83055E-09
    0.200  5.76625E-09
    0.300  5.70610E-09
    0.400  5.65008E-09
    0.500  5.59816E-09
    0.600  5.55034E-09
    0.700  5.50658E-09
    0.800  5.46690E-09
    0.900  5.43127E-09
    1.000  5.39969E-09
    1.100  5.37216E-09
    1.200  5.34869E-09
    1.300  5.32928E-09
    1.400  5.31395E-09
    1.500  5.30270E-09
    1.600  5.29555E-09
    1.700  5.29253E-09
    1.800  5.29365E-09
    1.900  5.29894E-09
    2.000  5.30844E-09
    2.200  5.34020E-09
    2.400  5.38923E-09
    2.600  5.45594E-09
    2.800  5.54078E-09
    3.000  5.64426E-09
    3.200  5.76697E-09
    3.400  5.90960E-09
    3.600  6.07289E-09
    3.800  6.25768E-09
    4.000  6.46492E-09
    4.500  7.08828E-09
    5.000  7.87812E-09
    5.500  8.85915E-09
    6.000  1.00627E-08
    6.500  1.15285E-08
    7.000  1.33069E-08
    7.500  1.54622E-08
    8.000  1.80765E-08
    8.500  2.13500E-08
    9.000  2.58872E-08
    9.500  3.14113E-08
   10.000  3.81833E-08
   10.500  4.65454E-08
   11.000  5.69469E-08
   11.500  6.99759E-08
   12.000  8.63920E-08
   12.500  1.07147E-07
   13.000  1.33361E-07
   13.500  1.66170E-07
   14.000  2.06303E-07
   14.500  2.53193E-07
   15.000  3.03569E-07
   15.500  3.50244E-07
   16.000  3.83041E-07
   16.500  3.93371E-07
   17.000  3.79715E-07
   17.500  3.48276E-07
   18.000  3.08307E-07
   18.500  2.67379E-07
   19.000  2.29787E-07
   19.500  1.97188E-07
   20.000  1.69736E-07
   21.000  1.28027E-07
   22.000  9.93055E-08
   23.000  7.91320E-08
   23.500  7.12851E-08
   24.000  6.45691E-08
   24.500  5.87820E-08
   25.000  5.37628E-08
   25.500  4.93827E-08
   26.000  4.55383E-08
   26.500  4.21455E-08
   27.000  3.91361E-08
   27.500  3.64540E-08
   28.000  3.40529E-08
   28.500  3.18944E-08
   29.000  2.99464E-08
   29.500  2.81819E-08
   30.000  2.65781E-08
