#     E      f(E1)     Model:  2
    0.001  0.00000E+00
    0.002  7.96207E-12
    0.005  1.99052E-11
    0.010  3.98104E-11
    0.020  7.96209E-11
    0.050  1.99055E-10
    0.100  3.98130E-10
    0.200  7.96416E-10
    0.300  1.19502E-09
    0.400  1.59409E-09
    0.500  1.99379E-09
    0.600  2.39427E-09
    0.700  2.79570E-09
    0.800  3.19824E-09
    0.900  3.60204E-09
    1.000  4.00728E-09
    1.100  4.41410E-09
    1.200  4.82268E-09
    1.300  5.23318E-09
    1.400  5.64577E-09
    1.500  6.06063E-09
    1.600  6.47792E-09
    1.700  6.89781E-09
    1.800  7.32049E-09
    1.900  7.74614E-09
    2.000  8.17493E-09
    2.200  9.04271E-09
    2.400  9.92534E-09
    2.600  1.08244E-08
    2.800  1.17416E-08
    3.000  1.26786E-08
    3.200  1.36371E-08
    3.400  1.46192E-08
    3.600  1.56267E-08
    3.800  1.66618E-08
    4.000  1.77267E-08
    4.500  2.05346E-08
    5.000  2.35840E-08
    5.500  2.69222E-08
    6.000  3.06050E-08
    6.500  3.46989E-08
    7.000  3.92838E-08
    7.500  4.44559E-08
    8.000  5.03322E-08
    8.500  5.70556E-08
    9.000  6.48005E-08
    9.500  7.37812E-08
   10.000  8.42594E-08
   10.500  9.65531E-08
   11.000  1.11043E-07
   11.500  1.28175E-07
   12.000  1.48443E-07
   12.500  1.72345E-07
   13.000  2.00281E-07
   13.500  2.32348E-07
   14.000  2.68002E-07
   14.500  3.05587E-07
   15.000  3.41887E-07
   15.500  3.72104E-07
   16.000  3.90816E-07
   16.500  3.93968E-07
   17.000  3.80848E-07
   17.500  3.54471E-07
   18.000  3.20029E-07
   18.500  2.82719E-07
   19.000  2.46372E-07
   19.500  2.13169E-07
   20.000  1.84002E-07
   21.000  1.37722E-07
   22.000  1.04727E-07
   23.000  8.12363E-08
   23.500  7.20871E-08
   24.000  6.42757E-08
   24.500  5.75732E-08
   25.000  5.17930E-08
   25.500  4.67831E-08
   26.000  4.24197E-08
   26.500  3.86015E-08
   27.000  3.52452E-08
   27.500  3.22823E-08
   28.000  2.96559E-08
   28.500  2.73188E-08
   29.000  2.52315E-08
   29.500  2.33607E-08
   30.000  2.16785E-08
