#     E      f(E1)     Model:  3
    0.001  0.00000E+00
    0.002  0.00000E+00
    0.005  0.00000E+00
    0.010  0.00000E+00
    0.020  0.00000E+00
    0.050  0.00000E+00
    0.100  0.00000E+00
    0.200  8.75169E-12
    0.300  1.97068E-11
    0.400  3.50593E-11
    0.500  5.48353E-11
    0.600  7.90522E-11
    0.700  1.07728E-10
    0.800  1.40948E-10
    0.900  1.78679E-10
    1.000  2.21093E-10
    1.100  2.68105E-10
    1.200  3.19800E-10
    1.300  3.76353E-10
    1.400  4.37677E-10
    1.500  5.04030E-10
    1.600  5.75328E-10
    1.700  6.51830E-10
    1.800  7.33450E-10
    1.900  8.20448E-10
    2.000  9.13344E-10
    2.200  1.11457E-09
    2.400  1.34009E-09
    2.600  1.58989E-09
    2.800  1.86572E-09
    3.000  2.17017E-09
    3.200  2.50324E-09
    3.400  2.86840E-09
    3.600  3.26826E-09
    3.800  3.70455E-09
    4.000  4.18160E-09
    4.500  5.57201E-09
    5.000  7.30414E-09
    5.500  9.47170E-09
    6.000  1.22213E-08
    6.500  1.57515E-08
    7.000  2.03312E-08
    7.500  2.63681E-08
    8.000  3.42959E-08
    8.500  4.44529E-08
    9.000  5.67782E-08
    9.500  7.08643E-08
   10.000  8.64163E-08
   10.500  1.04605E-07
   11.000  1.28284E-07
   11.500  1.60464E-07
   12.000  2.02185E-07
   12.500  2.50671E-07
   13.000  3.01238E-07
   13.500  3.50332E-07
   14.000  3.93787E-07
   14.500  4.26400E-07
   15.000  4.47911E-07
   15.500  4.62483E-07
   16.000  4.73932E-07
   16.500  4.84601E-07
   17.000  4.92495E-07
   17.500  4.88678E-07
   18.000  4.68988E-07
   18.500  4.38283E-07
   19.000  4.02895E-07
   19.500  3.67853E-07
   20.000  3.36627E-07
   21.000  2.87621E-07
   22.000  2.28206E-07
   23.000  1.67750E-07
   23.500  1.46846E-07
   24.000  1.31754E-07
   24.500  1.21085E-07
   25.000  1.13366E-07
   25.500  1.07207E-07
   26.000  1.00615E-07
   26.500  9.23752E-08
   27.000  8.32071E-08
   27.500  7.48977E-08
   28.000  6.81235E-08
   28.500  6.25202E-08
   29.000  5.76629E-08
   29.500  5.35603E-08
   30.000  5.02209E-08
