#     E      f(M1)     Model:  1
    0.001  0.00000E+00
    0.002  1.13065E-12
    0.005  2.82662E-12
    0.010  5.65325E-12
    0.020  1.13066E-11
    0.050  2.82675E-11
    0.100  5.65425E-11
    0.200  1.13145E-10
    0.300  1.69869E-10
    0.400  2.26773E-10
    0.500  2.83921E-10
    0.600  3.41372E-10
    0.700  3.99191E-10
    0.800  4.57440E-10
    0.900  5.16184E-10
    1.000  5.75489E-10
    1.100  6.35421E-10
    1.200  6.96051E-10
    1.300  7.57449E-10
    1.400  8.19687E-10
    1.500  8.82840E-10
    1.600  9.46987E-10
    1.700  1.01221E-09
    1.800  1.07858E-09
    1.900  1.14620E-09
    2.000  1.21515E-09
    2.200  1.35742E-09
    2.400  1.50619E-09
    2.600  1.66233E-09
    2.800  1.82680E-09
    3.000  2.00067E-09
    3.200  2.18511E-09
    3.400  2.38143E-09
    3.600  2.59112E-09
    3.800  2.81583E-09
    4.000  3.05743E-09
    4.500  3.74993E-09
    5.000  4.60401E-09
    5.500  5.67839E-09
    6.000  7.05612E-09
    6.500  8.85496E-09
    7.000  1.12390E-08
    7.500  1.44236E-08
    8.000  1.86457E-08
    8.500  2.40211E-08
    9.000  3.01572E-08
    9.500  3.55686E-08
   10.000  3.78279E-08
   10.500  3.55910E-08
   11.000  3.02106E-08
   11.500  2.41137E-08
   12.000  1.87814E-08
   12.500  1.46037E-08
   13.000  1.14642E-08
   13.500  9.12623E-09
   14.000  7.37501E-09
   14.500  6.04704E-09
   15.000  5.02522E-09
   15.500  4.22716E-09
   16.000  3.59484E-09
   16.500  3.08709E-09
   17.000  2.67430E-09
   17.500  2.33492E-09
   18.000  2.05300E-09
   18.500  1.81662E-09
   19.000  1.61673E-09
   19.500  1.44638E-09
   20.000  1.30015E-09
   21.000  1.06403E-09
   22.000  8.83781E-10
   23.000  7.43433E-10
   23.500  6.84729E-10
   24.000  6.32277E-10
   24.500  5.85242E-10
   25.000  5.42924E-10
   25.500  5.04732E-10
   26.000  4.70160E-10
   26.500  4.38779E-10
   27.000  4.10220E-10
   27.500  3.84164E-10
   28.000  3.60337E-10
   28.500  3.38499E-10
   29.000  3.18442E-10
   29.500  2.99984E-10
   30.000  2.82964E-10
