#     E      f(M1)     Model:  3
    0.001  1.05334E-08
    0.002  1.05256E-08
    0.005  1.05015E-08
    0.010  1.04613E-08
    0.020  1.03815E-08
    0.050  1.01459E-08
    0.100  9.76632E-09
    0.200  9.05332E-09
    0.300  8.39819E-09
    0.400  7.79668E-09
    0.500  7.24490E-09
    0.600  6.73929E-09
    0.700  6.27659E-09
    0.800  5.85384E-09
    0.900  5.46835E-09
    1.000  5.11770E-09
    1.100  4.79974E-09
    1.200  4.51257E-09
    1.300  4.25452E-09
    1.400  4.02421E-09
    1.500  3.82049E-09
    1.600  3.64251E-09
    1.700  3.48971E-09
    1.800  3.36183E-09
    1.900  3.25897E-09
    2.000  3.18158E-09
    2.200  3.10680E-09
    2.400  3.14714E-09
    2.600  3.30949E-09
    2.800  3.57320E-09
    3.000  3.84345E-09
    3.200  3.94427E-09
    3.400  3.76451E-09
    3.600  3.39774E-09
    3.800  3.01685E-09
    4.000  2.71806E-09
    4.500  2.38156E-09
    5.000  2.45269E-09
    5.500  2.79627E-09
    6.000  3.38598E-09
    6.500  4.24764E-09
    7.000  5.41682E-09
    7.500  6.86734E-09
    8.000  8.37437E-09
    8.500  9.40922E-09
    9.000  9.40837E-09
    9.500  8.36893E-09
   10.000  6.85040E-09
   10.500  5.37901E-09
   11.000  4.17536E-09
   11.500  3.25706E-09
   12.000  2.57203E-09
   12.500  2.06113E-09
   13.000  1.67638E-09
   13.500  1.38263E-09
   14.000  1.15498E-09
   14.500  9.75971E-10
   15.000  8.33235E-10
   15.500  7.17955E-10
   16.000  6.23748E-10
   16.500  5.45933E-10
   17.000  4.81026E-10
   17.500  4.26403E-10
   18.000  3.80060E-10
   18.500  3.40449E-10
   19.000  3.06362E-10
   19.500  2.76844E-10
   20.000  2.51137E-10
   21.000  2.08827E-10
   22.000  1.75788E-10
   23.000  1.49563E-10
   23.500  1.38450E-10
   24.000  1.28445E-10
   24.500  1.19409E-10
   25.000  1.11225E-10
   25.500  1.03793E-10
   26.000  9.70264E-11
   26.500  9.08507E-11
   27.000  8.52014E-11
   27.500  8.00226E-11
   28.000  7.52652E-11
   28.500  7.08864E-11
   29.000  6.68485E-11
   29.500  6.31184E-11
   30.000  5.96667E-11
