#     E      f(M1)     Model:  2
    0.001  0.00000E+00
    0.002  3.15195E-13
    0.005  7.87988E-13
    0.010  1.57598E-12
    0.020  3.15197E-12
    0.050  7.88023E-12
    0.100  1.57626E-11
    0.200  3.15419E-11
    0.300  4.73549E-11
    0.400  6.32185E-11
    0.500  7.91496E-11
    0.600  9.51656E-11
    0.700  1.11284E-10
    0.800  1.27522E-10
    0.900  1.43898E-10
    1.000  1.60431E-10
    1.100  1.77139E-10
    1.200  1.94041E-10
    1.300  2.11157E-10
    1.400  2.28507E-10
    1.500  2.46113E-10
    1.600  2.63995E-10
    1.700  2.82176E-10
    1.800  3.00680E-10
    1.900  3.19530E-10
    2.000  3.38751E-10
    2.200  3.78412E-10
    2.400  4.19885E-10
    2.600  4.63414E-10
    2.800  5.09264E-10
    3.000  5.57734E-10
    3.200  6.09151E-10
    3.400  6.63881E-10
    3.600  7.22337E-10
    3.800  7.84979E-10
    4.000  8.52330E-10
    4.500  1.04538E-09
    5.000  1.28348E-09
    5.500  1.58298E-09
    6.000  1.96706E-09
    6.500  2.46853E-09
    7.000  3.13313E-09
    7.500  4.02092E-09
    8.000  5.19792E-09
    8.500  6.69643E-09
    9.000  8.40702E-09
    9.500  9.91558E-09
   10.000  1.05454E-08
   10.500  9.92183E-09
   11.000  8.42192E-09
   11.500  6.72226E-09
   12.000  5.23576E-09
   12.500  4.07113E-09
   13.000  3.19591E-09
   13.500  2.54415E-09
   14.000  2.05596E-09
   14.500  1.68575E-09
   15.000  1.40090E-09
   15.500  1.17842E-09
   16.000  1.00215E-09
   16.500  8.60599E-10
   17.000  7.45525E-10
   17.500  6.50913E-10
   18.000  5.72322E-10
   18.500  5.06426E-10
   19.000  4.50702E-10
   19.500  4.03211E-10
   20.000  3.62449E-10
   21.000  2.96624E-10
   22.000  2.46375E-10
   23.000  2.07250E-10
   23.500  1.90885E-10
   24.000  1.76262E-10
   24.500  1.63150E-10
   25.000  1.51353E-10
   25.500  1.40706E-10
   26.000  1.31068E-10
   26.500  1.22320E-10
   27.000  1.14359E-10
   27.500  1.07095E-10
   28.000  1.00452E-10
   28.500  9.43646E-11
   29.000  8.87732E-11
   29.500  8.36275E-11
   30.000  7.88830E-11
