0
669.96 
962.05 
1326.6 
1411.4 
1547.22
1861.3 
2011.6 
2061.9 
2081.0 
2092.1 
2336.4 
2404.7 
2497.6 
2512.0 
2534.6 
2682.1
2696.9
2716.9
2779.5
2806.8
2831.3
2857.1
2887.1
2888.9
2956.2
2977.8
3043.1
3101.1
3128.7
3225.3
3263.6
3292.4
3298.1
3307.1
3309.6
3406.3
3418.4
3429.9
3461.3
3465.1
3476.1
3541.1
3570.1
3581.1
3649.0
3656.8
3719.1
3740.2
3774.2
3786.3
3867.1 
3885.68
3897.1
3902.1
3960.1
3978.2
4017.1
4055.1
4113.1
4119.1
4125.3
4133.1
4145.1
4148.1
4226.2
4285.1
4289.1
4354.7
4358.1
4382.2
4403.1
4420.4
4457.1
4470.7
4498.1
4501.2
4506.4
4517.1
4531.2
4593.2
4640.2
4644.2
4647.2
4691.8
4753.3
4789.2
4796.2
4806.1
4810.2
4839.2
4870.3
4876.6
4955.3
5016.2
5053.2
5073.2
5101.2
5140.2
5162.2
5226.2
5274.2
5312.2
5335.6
5366.2
5543.2
5571.5
5579.3
5592.3
5602.2
5735.3
5797.3
5804.3
5828.3
5867.6
6093.3
6375.3
7400.0
7472.7
7513.2 
7529.8 
7605.7 
7730.2 
8564.66
8594.2
8628.8
8639.0
8693.7
8700.7
8718.6
8719.1
8719.2
8727.5
8731.7
8734.6
8738.6
8743.2
8743.6
8746.6
8747.6
8750.6
9811.2 
9834.2 
9846.2 
9859.2 
9864.2
