   0.25  0.631  3.61E-01 1.44E+00 1.44E+00 1.30E-01 2.25E-01 2.67E-01 2.56E-01 2.09E-01 1.50E-01 9.47E-02 5.34E-02 2.70E-02 1.23E-02 5.01E-03 1.85E-03 6.18E-04 1.87E-04 5.11E-05 1.27E-05 2.84E-06 5.79E-07 1.07E-07 1.80E-08 2.74E-09 3.78E-10 4.75E-11 5.42E-12 5.62E-13 5.30E-14 4.54E-15 3.53E-16 2.50E-17 1.61E-18 
   0.50  0.133  9.02E-01 2.16E+00 2.16E+00 1.94E-01 3.38E-01 4.00E-01 3.84E-01 3.14E-01 2.25E-01 1.42E-01 8.01E-02 4.05E-02 1.84E-02 7.52E-03 2.78E-03 9.27E-04 2.80E-04 7.66E-05 1.90E-05 4.26E-06 8.69E-07 1.61E-07 2.69E-08 4.10E-09 5.68E-10 7.13E-11 8.14E-12 8.44E-13 7.95E-14 6.81E-15 5.30E-16 3.75E-17 2.41E-18 
   0.75  0.207  2.14E+00 4.96E+00 4.96E+00 4.46E-01 7.74E-01 9.18E-01 8.80E-01 7.20E-01 5.15E-01 3.26E-01 1.84E-01 9.28E-02 4.21E-02 1.72E-02 6.37E-03 2.13E-03 6.42E-04 1.76E-04 4.35E-05 9.77E-06 1.99E-06 3.68E-07 6.18E-08 9.41E-09 1.30E-09 1.63E-10 1.87E-11 1.93E-12 1.82E-13 1.56E-14 1.21E-15 8.59E-17 5.52E-18 
   1.00  2.168  3.92E+00 7.10E+00 7.10E+00 6.38E-01 1.11E+00 1.31E+00 1.26E+00 1.03E+00 7.37E-01 4.66E-01 2.63E-01 1.33E-01 6.03E-02 2.47E-02 9.12E-03 3.04E-03 9.19E-04 2.51E-04 6.23E-05 1.40E-05 2.85E-06 5.27E-07 8.84E-08 1.35E-08 1.86E-09 2.34E-10 2.67E-11 2.77E-12 2.61E-13 2.23E-14 1.74E-15 1.23E-16 7.90E-18 
   1.25  0.217  5.31E+00 5.58E+00 5.58E+00 5.01E-01 8.70E-01 1.03E+00 9.89E-01 8.09E-01 5.79E-01 3.66E-01 2.06E-01 1.04E-01 4.74E-02 1.94E-02 7.16E-03 2.39E-03 7.22E-04 1.97E-04 4.89E-05 1.10E-05 2.24E-06 4.14E-07 6.94E-08 1.06E-08 1.46E-09 1.84E-10 2.10E-11 2.17E-12 2.05E-13 1.75E-14 1.37E-15 9.65E-17 6.21E-18 
   1.50  1.319  7.77E+00 9.81E+00 9.81E+00 8.81E-01 1.53E+00 1.81E+00 1.74E+00 1.42E+00 1.02E+00 6.44E-01 3.63E-01 1.83E-01 8.33E-02 3.41E-02 1.26E-02 4.20E-03 1.27E-03 3.47E-04 8.60E-05 1.93E-05 3.94E-06 7.28E-07 1.22E-07 1.86E-08 2.57E-09 3.23E-10 3.69E-11 3.82E-12 3.60E-13 3.09E-14 2.40E-15 1.70E-16 1.09E-17 
   1.75  2.498  9.25E+00 5.93E+00 5.93E+00 5.33E-01 9.25E-01 1.10E+00 1.05E+00 8.60E-01 6.15E-01 3.89E-01 2.19E-01 1.11E-01 5.03E-02 2.06E-02 7.61E-03 2.54E-03 7.67E-04 2.10E-04 5.20E-05 1.17E-05 2.38E-06 4.40E-07 7.38E-08 1.12E-08 1.55E-09 1.95E-10 2.23E-11 2.31E-12 2.18E-13 1.86E-14 1.45E-15 1.03E-16 6.60E-18 
   2.00  0.340  1.24E+01 1.25E+01 1.25E+01 1.12E+00 1.95E+00 2.31E+00 2.22E+00 1.82E+00 1.30E+00 8.21E-01 4.63E-01 2.34E-01 1.06E-01 4.35E-02 1.61E-02 5.36E-03 1.62E-03 4.43E-04 1.10E-04 2.46E-05 5.02E-06 9.28E-07 1.56E-07 2.37E-08 3.28E-09 4.12E-10 4.70E-11 4.88E-12 4.60E-13 3.93E-14 3.06E-15 2.17E-16 1.39E-17 
   2.25  0.363  1.50E+01 1.04E+01 1.04E+01 9.35E-01 1.62E+00 1.93E+00 1.85E+00 1.51E+00 1.08E+00 6.83E-01 3.85E-01 1.95E-01 8.84E-02 3.62E-02 1.34E-02 4.46E-03 1.35E-03 3.68E-04 9.13E-05 2.05E-05 4.18E-06 7.72E-07 1.30E-07 1.97E-08 2.73E-09 3.43E-10 3.91E-11 4.06E-12 3.82E-13 3.27E-14 2.55E-15 1.80E-16 1.16E-17 
   2.50  0.251  1.97E+01 1.91E+01 1.91E+01 1.71E+00 2.97E+00 3.52E+00 3.38E+00 2.76E+00 1.98E+00 1.25E+00 7.05E-01 3.56E-01 1.62E-01 6.62E-02 2.45E-02 8.16E-03 2.47E-03 6.74E-04 1.67E-04 3.75E-05 7.65E-06 1.41E-06 2.37E-07 3.61E-08 5.00E-09 6.28E-10 7.16E-11 7.43E-12 7.00E-13 5.99E-14 4.66E-15 3.30E-16 2.12E-17 
   2.75  0.694  2.66E+01 2.74E+01 2.74E+01 2.46E+00 4.28E+00 5.07E+00 4.86E+00 3.98E+00 2.84E+00 1.80E+00 1.01E+00 5.13E-01 2.33E-01 9.53E-02 3.52E-02 1.17E-02 3.55E-03 9.70E-04 2.40E-04 5.40E-05 1.10E-05 2.03E-06 3.41E-07 5.20E-08 7.19E-09 9.03E-10 1.03E-10 1.07E-11 1.01E-12 8.62E-14 6.71E-15 4.75E-16 3.05E-17 
   3.00  0.846  3.36E+01 2.78E+01 2.78E+01 2.50E+00 4.34E+00 5.15E+00 4.93E+00 4.04E+00 2.89E+00 1.83E+00 1.03E+00 5.20E-01 2.36E-01 9.67E-02 3.57E-02 1.19E-02 3.60E-03 9.85E-04 2.44E-04 5.48E-05 1.12E-05 2.06E-06 3.46E-07 5.28E-08 7.30E-09 9.17E-10 1.05E-10 1.08E-11 1.02E-12 8.75E-14 6.81E-15 4.82E-16 3.10E-17 
   3.25 19.876  4.18E+01 3.31E+01 3.31E+01 2.97E+00 5.16E+00 6.12E+00 5.87E+00 4.80E+00 3.43E+00 2.17E+00 1.22E+00 6.18E-01 2.81E-01 1.15E-01 4.25E-02 1.42E-02 4.28E-03 1.17E-03 2.90E-04 6.52E-05 1.33E-05 2.45E-06 4.12E-07 6.27E-08 8.68E-09 1.09E-09 1.24E-10 1.29E-11 1.21E-12 1.04E-13 8.09E-15 5.73E-16 3.68E-17 
   3.50  6.999  5.38E+01 4.79E+01 4.79E+01 4.31E+00 7.48E+00 8.87E+00 8.50E+00 6.96E+00 4.97E+00 3.15E+00 1.77E+00 8.96E-01 4.07E-01 1.67E-01 6.15E-02 2.05E-02 6.20E-03 1.70E-03 4.20E-04 9.44E-05 1.92E-05 3.56E-06 5.97E-07 9.09E-08 1.26E-08 1.58E-09 1.80E-10 1.87E-11 1.76E-12 1.51E-13 1.17E-14 8.30E-16 5.33E-17 
   3.75  3.615  6.80E+01 5.67E+01 5.67E+01 5.09E+00 8.85E+00 1.05E+01 1.01E+01 8.23E+00 5.88E+00 3.72E+00 2.10E+00 1.06E+00 4.81E-01 1.97E-01 7.28E-02 2.43E-02 7.34E-03 2.01E-03 4.97E-04 1.12E-04 2.28E-05 4.21E-06 7.06E-07 1.08E-07 1.49E-08 1.87E-09 2.13E-10 2.21E-11 2.08E-12 1.78E-13 1.39E-14 9.81E-16 6.31E-17 
   4.00  1.217  8.52E+01 6.89E+01 6.89E+01 6.19E+00 1.07E+01 1.27E+01 1.22E+01 1.00E+01 7.15E+00 4.52E+00 2.55E+00 1.29E+00 5.85E-01 2.39E-01 8.84E-02 2.95E-02 8.91E-03 2.44E-03 6.04E-04 1.36E-04 2.77E-05 5.11E-06 8.58E-07 1.31E-07 1.81E-08 2.27E-09 2.59E-10 2.69E-11 2.53E-12 2.17E-13 1.69E-14 1.19E-15 7.67E-17 
   4.25  0.824  1.11E+02 1.01E+02 1.01E+02 9.11E+00 1.58E+01 1.88E+01 1.80E+01 1.47E+01 1.05E+01 6.66E+00 3.75E+00 1.90E+00 8.61E-01 3.52E-01 1.30E-01 4.35E-02 1.31E-02 3.59E-03 8.89E-04 2.00E-04 4.07E-05 7.53E-06 1.26E-06 1.92E-07 2.66E-08 3.34E-09 3.81E-10 3.95E-11 3.73E-12 3.19E-13 2.48E-14 1.76E-15 1.13E-16 
   4.50  0.932  1.42E+02 1.27E+02 1.27E+02 1.14E+01 1.98E+01 2.35E+01 2.25E+01 1.84E+01 1.32E+01 8.34E+00 4.70E+00 2.38E+00 1.08E+00 4.42E-01 1.63E-01 5.44E-02 1.64E-02 4.50E-03 1.11E-03 2.50E-04 5.10E-05 9.43E-06 1.58E-06 2.41E-07 3.33E-08 4.19E-09 4.78E-10 4.95E-11 4.67E-12 4.00E-13 3.11E-14 2.20E-15 1.41E-16 
   4.75  1.110  1.82E+02 1.59E+02 1.59E+02 1.43E+01 2.48E+01 2.94E+01 2.82E+01 2.31E+01 1.65E+01 1.04E+01 5.89E+00 2.98E+00 1.35E+00 5.53E-01 2.04E-01 6.82E-02 2.06E-02 5.63E-03 1.40E-03 3.14E-04 6.39E-05 1.18E-05 1.98E-06 3.02E-07 4.18E-08 5.25E-09 5.99E-10 6.21E-11 5.85E-12 5.01E-13 3.90E-14 2.76E-15 1.77E-16 
   5.00  1.110  2.32E+02 1.99E+02 1.99E+02 1.79E+01 3.11E+01 3.69E+01 3.54E+01 2.89E+01 2.07E+01 1.31E+01 7.38E+00 3.73E+00 1.69E+00 6.93E-01 2.56E-01 8.54E-02 2.58E-02 7.06E-03 1.75E-03 3.93E-04 8.00E-05 1.48E-05 2.48E-06 3.78E-07 5.23E-08 6.57E-09 7.50E-10 7.77E-11 7.32E-12 6.27E-13 4.88E-14 3.45E-15 2.22E-16 
   5.50  1.110  3.88E+02 3.13E+02 3.13E+02 2.81E+01 4.88E+01 5.79E+01 5.55E+01 4.54E+01 3.25E+01 2.05E+01 1.16E+01 5.85E+00 2.66E+00 1.09E+00 4.02E-01 1.34E-01 4.05E-02 1.11E-02 2.74E-03 6.16E-04 1.26E-04 2.32E-05 3.89E-06 5.93E-07 8.21E-08 1.03E-08 1.18E-09 1.22E-10 1.15E-11 9.84E-13 7.66E-14 5.41E-15 3.48E-16 
   6.00  1.110  6.34E+02 4.91E+02 4.91E+02 4.41E+01 7.66E+01 9.07E+01 8.70E+01 7.12E+01 5.09E+01 3.22E+01 1.82E+01 9.17E+00 4.17E+00 1.71E+00 6.30E-01 2.10E-01 6.35E-02 1.74E-02 4.30E-03 9.67E-04 1.97E-04 3.64E-05 6.11E-06 9.30E-07 1.29E-07 1.62E-08 1.84E-09 1.91E-10 1.80E-11 1.54E-12 1.20E-13 8.49E-15 5.46E-16 
   6.50  1.110  1.02E+03 7.69E+02 7.69E+02 6.91E+01 1.20E+02 1.42E+02 1.36E+02 1.12E+02 7.98E+01 5.05E+01 2.85E+01 1.44E+01 6.53E+00 2.67E+00 9.87E-01 3.30E-01 9.96E-02 2.72E-02 6.75E-03 1.52E-03 3.09E-04 5.71E-05 9.58E-06 1.46E-06 2.02E-07 2.53E-08 2.89E-09 3.00E-10 2.83E-11 2.42E-12 1.88E-13 1.33E-14 8.56E-16 
   7.00  1.110  1.62E+03 1.21E+03 1.21E+03 1.09E+02 1.88E+02 2.23E+02 2.14E+02 1.75E+02 1.25E+02 7.92E+01 4.47E+01 2.26E+01 1.03E+01 4.20E+00 1.55E+00 5.17E-01 1.56E-01 4.27E-02 1.06E-02 2.38E-03 4.85E-04 8.96E-05 1.50E-05 2.29E-06 3.17E-07 3.98E-08 4.54E-09 4.71E-10 4.44E-11 3.80E-12 2.96E-13 2.09E-14 1.34E-15 
   7.50  1.110  2.57E+03 1.90E+03 1.90E+03 1.70E+02 2.96E+02 3.51E+02 3.36E+02 2.75E+02 1.97E+02 1.24E+02 7.02E+01 3.54E+01 1.61E+01 6.59E+00 2.43E+00 8.12E-01 2.45E-01 6.71E-02 1.66E-02 3.73E-03 7.61E-04 1.41E-04 2.36E-05 3.60E-06 4.97E-07 6.25E-08 7.13E-09 7.39E-10 6.96E-11 5.96E-12 4.64E-13 3.28E-14 2.11E-15 
   8.00  1.110  4.06E+03 2.98E+03 2.98E+03 2.67E+02 4.64E+02 5.50E+02 5.28E+02 4.32E+02 3.09E+02 1.95E+02 1.10E+02 5.56E+01 2.53E+01 1.03E+01 3.82E+00 1.27E+00 3.85E-01 1.05E-01 2.61E-02 5.86E-03 1.19E-03 2.21E-04 3.70E-05 5.64E-06 7.80E-07 9.80E-08 1.12E-08 1.16E-09 1.09E-10 9.36E-12 7.28E-13 5.15E-14 3.31E-15 
   8.50  1.110  6.39E+03 4.67E+03 4.67E+03 4.19E+02 7.28E+02 8.63E+02 8.28E+02 6.77E+02 4.84E+02 3.06E+02 1.73E+02 8.73E+01 3.96E+01 1.62E+01 5.99E+00 2.00E+00 6.04E-01 1.65E-01 4.09E-02 9.20E-03 1.87E-03 3.46E-04 5.81E-05 8.85E-06 1.22E-06 1.54E-07 1.76E-08 1.82E-09 1.71E-10 1.47E-11 1.14E-12 8.08E-14 5.19E-15 
   9.00  1.110  1.01E+04 7.32E+03 7.32E+03 6.58E+02 1.14E+03 1.35E+03 1.30E+03 1.06E+03 7.59E+02 4.80E+02 2.71E+02 1.37E+02 6.22E+01 2.54E+01 9.40E+00 3.14E+00 9.47E-01 2.59E-01 6.42E-02 1.44E-02 2.94E-03 5.43E-04 9.11E-05 1.39E-05 1.92E-06 2.41E-07 2.75E-08 2.85E-09 2.69E-10 2.30E-11 1.79E-12 1.27E-13 8.15E-15 
   9.50  1.110  1.58E+04 1.15E+04 1.15E+04 1.03E+03 1.79E+03 2.12E+03 2.04E+03 1.67E+03 1.19E+03 7.53E+02 4.25E+02 2.15E+02 9.75E+01 3.99E+01 1.47E+01 4.92E+00 1.49E+00 4.06E-01 1.01E-01 2.26E-02 4.61E-03 8.52E-04 1.43E-04 2.18E-05 3.01E-06 3.78E-07 4.32E-08 4.47E-09 4.22E-10 3.61E-11 2.81E-12 1.99E-13 1.28E-14 
  10.00  1.110  2.48E+04 1.80E+04 1.80E+04 1.62E+03 2.81E+03 3.33E+03 3.20E+03 2.61E+03 1.87E+03 1.18E+03 6.67E+02 3.37E+02 1.53E+02 6.26E+01 2.31E+01 7.72E+00 2.33E+00 6.38E-01 1.58E-01 3.55E-02 7.23E-03 1.34E-03 2.24E-04 3.42E-05 4.73E-06 5.94E-07 6.78E-08 7.02E-09 6.62E-10 5.67E-11 4.41E-12 3.12E-13 2.01E-14 
  11.00  1.110  6.92E+04 4.44E+04 4.44E+04 3.99E+03 6.93E+03 8.21E+03 7.87E+03 6.44E+03 4.60E+03 2.91E+03 1.64E+03 8.30E+02 3.77E+02 1.54E+02 5.70E+01 1.90E+01 5.74E+00 1.57E+00 3.89E-01 8.75E-02 1.78E-02 3.29E-03 5.53E-04 8.42E-05 1.16E-05 1.46E-06 1.67E-07 1.73E-08 1.63E-09 1.40E-10 1.09E-11 7.68E-13 4.94E-14 
  12.00  1.110  1.78E+05 1.09E+05 1.09E+05 9.81E+03 1.70E+04 2.02E+04 1.94E+04 1.58E+04 1.13E+04 7.17E+03 4.04E+03 2.04E+03 9.27E+02 3.80E+02 1.40E+02 4.68E+01 1.41E+01 3.87E+00 9.58E-01 2.15E-01 4.38E-02 8.10E-03 1.36E-03 2.07E-04 2.86E-05 3.60E-06 4.11E-07 4.26E-08 4.01E-09 3.43E-10 2.67E-11 1.89E-12 1.22E-13 
  13.00  1.110  4.47E+05 2.69E+05 2.69E+05 2.42E+04 4.19E+04 4.97E+04 4.77E+04 3.90E+04 2.79E+04 1.76E+04 9.95E+03 5.03E+03 2.28E+03 9.34E+02 3.45E+02 1.15E+02 3.48E+01 9.51E+00 2.36E+00 5.30E-01 1.08E-01 1.99E-02 3.35E-03 5.10E-04 7.05E-05 8.86E-06 1.01E-06 1.05E-07 9.87E-09 8.45E-10 6.58E-11 4.65E-12 2.99E-13 
  14.00  1.110  1.11E+06 6.62E+05 6.62E+05 5.95E+04 1.03E+05 1.22E+05 1.17E+05 9.61E+04 6.87E+04 4.35E+04 2.45E+04 1.24E+04 5.62E+03 2.30E+03 8.50E+02 2.84E+02 8.57E+01 2.34E+01 5.81E+00 1.30E+00 2.66E-01 4.91E-02 8.25E-03 1.26E-03 1.74E-04 2.18E-05 2.49E-06 2.58E-07 2.43E-08 2.08E-09 1.62E-10 1.15E-11 7.37E-13 
  15.00  1.110  2.74E+06 1.63E+06 1.63E+06 1.46E+05 2.54E+05 3.01E+05 2.89E+05 2.36E+05 1.69E+05 1.07E+05 6.03E+04 3.05E+04 1.38E+04 5.66E+03 2.09E+03 6.98E+02 2.11E+02 5.77E+01 1.43E+01 3.21E+00 6.54E-01 1.21E-01 2.03E-02 3.09E-03 4.27E-04 5.37E-05 6.13E-06 6.35E-07 5.99E-08 5.12E-09 3.99E-10 2.82E-11 1.81E-12 
  16.00  1.110  6.75E+06 4.01E+06 4.01E+06 3.60E+05 6.26E+05 7.42E+05 7.11E+05 5.82E+05 4.16E+05 2.63E+05 1.48E+05 7.50E+04 3.41E+04 1.39E+04 5.15E+03 1.72E+03 5.19E+02 1.42E+02 3.52E+01 7.90E+00 1.61E+00 2.98E-01 4.99E-02 7.61E-03 1.05E-03 1.32E-04 1.51E-05 1.56E-06 1.47E-07 1.26E-08 9.82E-10 6.94E-11 4.46E-12 
  17.00  1.110  1.66E+07 9.88E+06 9.88E+06 8.88E+05 1.54E+06 1.83E+06 1.75E+06 1.43E+06 1.03E+06 6.48E+05 3.66E+05 1.85E+05 8.39E+04 3.43E+04 1.27E+04 4.23E+03 1.28E+03 3.50E+02 8.67E+01 1.95E+01 3.97E+00 7.33E-01 1.23E-01 1.87E-02 2.59E-03 3.26E-04 3.72E-05 3.85E-06 3.63E-07 3.11E-08 2.42E-09 1.71E-10 1.10E-11 
  18.00  1.110  4.09E+07 2.43E+07 2.43E+07 2.18E+06 3.79E+06 4.50E+06 4.31E+06 3.53E+06 2.52E+06 1.60E+06 9.00E+05 4.55E+05 2.06E+05 8.45E+04 3.12E+04 1.04E+04 3.15E+03 8.60E+02 2.13E+02 4.79E+01 9.76E+00 1.80E+00 3.03E-01 4.61E-02 6.38E-03 8.01E-04 9.14E-05 9.48E-06 8.93E-07 7.65E-08 5.95E-09 4.21E-10 2.71E-11 
  19.00  1.110  1.01E+08 5.98E+07 5.98E+07 5.38E+06 9.34E+06 1.11E+07 1.06E+07 8.68E+06 6.21E+06 3.93E+06 2.21E+06 1.12E+06 5.08E+05 2.08E+05 7.68E+04 2.56E+04 7.74E+03 2.12E+03 5.25E+02 1.18E+02 2.40E+01 4.44E+00 7.45E-01 1.13E-01 1.57E-02 1.97E-03 2.25E-04 2.33E-05 2.20E-06 1.88E-07 1.46E-08 1.04E-09 6.66E-11 
  20.00  1.110  2.48E+08 1.47E+08 1.47E+08 1.32E+07 2.30E+07 2.73E+07 2.61E+07 2.14E+07 1.53E+07 9.67E+06 5.46E+06 2.76E+06 1.25E+06 5.12E+05 1.89E+05 6.32E+04 1.91E+04 5.22E+03 1.29E+03 2.90E+02 5.92E+01 1.09E+01 1.84E+00 2.80E-01 3.87E-02 4.86E-03 5.54E-04 5.75E-05 5.42E-06 4.64E-07 3.61E-08 2.55E-09 1.64E-10 
  22.50  1.110  3.75E+09 1.40E+09 1.40E+09 1.26E+08 2.19E+08 2.59E+08 2.49E+08 2.03E+08 1.45E+08 9.20E+07 5.19E+07 2.62E+07 1.19E+07 4.87E+06 1.80E+06 6.01E+05 1.81E+05 4.96E+04 1.23E+04 2.76E+03 5.63E+02 1.04E+02 1.75E+01 2.66E+00 3.68E-01 4.62E-02 5.27E-03 5.46E-04 5.15E-05 4.41E-06 3.43E-07 2.43E-08 1.56E-09 
  25.00  1.110  3.71E+10 1.33E+10 1.33E+10 1.20E+09 2.08E+09 2.46E+09 2.36E+09 1.93E+09 1.38E+09 8.74E+08 4.93E+08 2.49E+08 1.13E+08 4.63E+07 1.71E+07 5.71E+06 1.72E+06 4.71E+05 1.17E+05 2.62E+04 5.35E+03 9.88E+02 1.66E+02 2.53E+01 3.49E+00 4.39E-01 5.01E-02 5.19E-03 4.89E-04 4.19E-05 3.26E-06 2.31E-07 1.48E-08 
  30.00  1.110  6.06E+12 1.20E+12 1.20E+12 1.08E+11 1.88E+11 2.23E+11 2.14E+11 1.75E+11 1.25E+11 7.91E+10 4.46E+10 2.25E+10 1.02E+10 4.19E+09 1.55E+09 5.16E+08 1.56E+08 4.26E+07 1.06E+07 2.37E+06 4.84E+05 8.94E+04 1.50E+04 2.28E+03 3.16E+02 3.97E+01 4.53E+00 4.70E-01 4.43E-02 3.79E-03 2.95E-04 2.09E-05 1.34E-06 
  40.00  1.110  9.85E+16 9.85E+15 9.85E+15 8.85E+14 1.54E+15 1.82E+15 1.75E+15 1.43E+15 1.02E+15 6.46E+14 3.64E+14 1.84E+14 8.36E+13 3.42E+13 1.26E+13 4.22E+12 1.27E+12 3.49E+11 8.64E+10 1.94E+10 3.95E+09 7.31E+08 1.23E+08 1.87E+07 2.58E+06 3.25E+05 3.70E+04 3.84E+03 3.62E+02 3.10E+01 2.41E+00 1.70E-01 1.10E-02 
  50.00  1.110  8.06E+20 8.06E+19 8.06E+19 7.24E+18 1.26E+19 1.49E+19 1.43E+19 1.17E+19 8.36E+18 5.29E+18 2.98E+18 1.51E+18 6.84E+17 2.80E+17 1.03E+17 3.45E+16 1.04E+16 2.85E+15 7.07E+14 1.59E+14 3.23E+13 5.98E+12 1.00E+12 1.53E+11 2.11E+10 2.66E+09 3.03E+08 3.14E+07 2.96E+06 2.53E+05 1.97E+04 1.39E+03 8.97E+01 
  60.00  1.110  6.59E+24 6.59E+23 6.59E+23 5.92E+22 1.03E+23 1.22E+23 1.17E+23 9.56E+22 6.83E+22 4.32E+22 2.44E+22 1.23E+22 5.59E+21 2.29E+21 8.45E+20 2.82E+20 8.52E+19 2.33E+19 5.78E+18 1.30E+18 2.64E+17 4.89E+16 8.20E+15 1.25E+15 1.73E+14 2.17E+13 2.48E+12 2.57E+11 2.42E+10 2.07E+09 1.61E+08 1.14E+07 7.33E+05 
  70.00  1.110  5.38E+28 5.38E+27 5.38E+27 4.84E+26 8.40E+26 9.96E+26 9.55E+26 7.81E+26 5.58E+26 3.53E+26 1.99E+26 1.01E+26 4.57E+25 1.87E+25 6.91E+24 2.31E+24 6.97E+23 1.91E+23 4.72E+22 1.06E+22 2.16E+21 3.99E+20 6.70E+19 1.02E+19 1.41E+18 1.77E+17 2.02E+16 2.10E+15 1.98E+14 1.69E+13 1.32E+12 9.32E+10 5.99E+09 
