   0.25  0.666  1.61E-01 6.44E-01 6.44E-01 5.89E-02 1.02E-01 1.20E-01 1.15E-01 9.31E-02 6.59E-02 4.12E-02 2.29E-02 1.14E-02 5.10E-03 2.05E-03 7.41E-04 2.42E-04 7.13E-05 1.90E-05 4.58E-06 1.00E-06 1.97E-07 3.53E-08 5.72E-09 8.41E-10 1.12E-10 1.35E-11 1.48E-12 1.47E-13 1.32E-14 1.08E-15 8.00E-17 5.38E-18 3.28E-19 
   0.50  0.063  3.40E+00 1.30E+01 1.30E+01 1.19E+00 2.05E+00 2.42E+00 2.31E+00 1.87E+00 1.33E+00 8.29E-01 4.62E-01 2.30E-01 1.03E-01 4.12E-02 1.49E-02 4.87E-03 1.44E-03 3.83E-04 9.22E-05 2.01E-05 3.97E-06 7.11E-07 1.15E-07 1.69E-08 2.25E-09 2.72E-10 2.97E-11 2.95E-12 2.66E-13 2.17E-14 1.61E-15 1.08E-16 6.60E-18 
   0.75  0.110  3.69E+00 1.16E+00 1.16E+00 1.06E-01 1.84E-01 2.18E-01 2.07E-01 1.68E-01 1.19E-01 7.45E-02 4.15E-02 2.06E-02 9.22E-03 3.70E-03 1.34E-03 4.37E-04 1.29E-04 3.44E-05 8.28E-06 1.81E-06 3.57E-07 6.38E-08 1.03E-08 1.52E-09 2.02E-10 2.44E-11 2.67E-12 2.65E-13 2.39E-14 1.95E-15 1.45E-16 9.72E-18 5.93E-19 
   1.00  0.418  4.79E+00 4.41E+00 4.41E+00 4.03E-01 6.99E-01 8.24E-01 7.86E-01 6.38E-01 4.51E-01 2.82E-01 1.57E-01 7.82E-02 3.49E-02 1.40E-02 5.07E-03 1.66E-03 4.89E-04 1.30E-04 3.14E-05 6.85E-06 1.35E-06 2.42E-07 3.92E-08 5.76E-09 7.66E-10 9.25E-11 1.01E-11 1.00E-12 9.05E-14 7.39E-15 5.48E-16 3.68E-17 2.25E-18 
   1.25  0.093  5.96E+00 4.67E+00 4.67E+00 4.27E-01 7.39E-01 8.72E-01 8.31E-01 6.75E-01 4.78E-01 2.99E-01 1.66E-01 8.27E-02 3.69E-02 1.48E-02 5.37E-03 1.75E-03 5.17E-04 1.38E-04 3.32E-05 7.24E-06 1.43E-06 2.56E-07 4.15E-08 6.09E-09 8.11E-10 9.79E-11 1.07E-11 1.06E-12 9.57E-14 7.82E-15 5.79E-16 3.89E-17 2.38E-18 
   1.50  0.079  7.18E+00 4.89E+00 4.89E+00 4.47E-01 7.74E-01 9.13E-01 8.71E-01 7.07E-01 5.00E-01 3.13E-01 1.74E-01 8.66E-02 3.87E-02 1.55E-02 5.62E-03 1.84E-03 5.41E-04 1.44E-04 3.48E-05 7.59E-06 1.50E-06 2.68E-07 4.34E-08 6.38E-09 8.49E-10 1.02E-10 1.12E-11 1.11E-12 1.00E-13 8.19E-15 6.07E-16 4.08E-17 2.49E-18 
   1.75  0.100  9.43E+00 8.98E+00 8.98E+00 8.22E-01 1.42E+00 1.68E+00 1.60E+00 1.30E+00 9.20E-01 5.75E-01 3.20E-01 1.59E-01 7.11E-02 2.86E-02 1.03E-02 3.37E-03 9.95E-04 2.65E-04 6.39E-05 1.39E-05 2.75E-06 4.93E-07 7.98E-08 1.17E-08 1.56E-09 1.88E-10 2.06E-11 2.05E-12 1.84E-13 1.51E-14 1.12E-15 7.50E-17 4.58E-18 
   2.00  0.136  1.26E+01 1.25E+01 1.25E+01 1.14E+00 1.98E+00 2.34E+00 2.23E+00 1.81E+00 1.28E+00 8.00E-01 4.45E-01 2.22E-01 9.89E-02 3.97E-02 1.44E-02 4.69E-03 1.38E-03 3.69E-04 8.89E-05 1.94E-05 3.83E-06 6.85E-07 1.11E-07 1.63E-08 2.17E-09 2.62E-10 2.87E-11 2.85E-12 2.56E-13 2.09E-14 1.55E-15 1.04E-16 6.36E-18 
   2.25  0.172  1.48E+01 9.02E+00 9.02E+00 8.25E-01 1.43E+00 1.69E+00 1.61E+00 1.30E+00 9.23E-01 5.77E-01 3.21E-01 1.60E-01 7.14E-02 2.87E-02 1.04E-02 3.39E-03 9.99E-04 2.66E-04 6.42E-05 1.40E-05 2.77E-06 4.95E-07 8.02E-08 1.18E-08 1.57E-09 1.89E-10 2.07E-11 2.05E-12 1.85E-13 1.51E-14 1.12E-15 7.53E-17 4.59E-18 
   2.50  0.392  1.77E+01 1.16E+01 1.16E+01 1.06E+00 1.84E+00 2.17E+00 2.07E+00 1.68E+00 1.19E+00 7.44E-01 4.14E-01 2.06E-01 9.20E-02 3.69E-02 1.34E-02 4.36E-03 1.29E-03 3.43E-04 8.27E-05 1.80E-05 3.56E-06 6.37E-07 1.03E-07 1.52E-08 2.02E-09 2.44E-10 2.67E-11 2.65E-12 2.38E-13 1.95E-14 1.44E-15 9.70E-17 5.92E-18 
   2.75  1.035  2.15E+01 1.52E+01 1.52E+01 1.39E+00 2.41E+00 2.85E+00 2.72E+00 2.20E+00 1.56E+00 9.76E-01 5.43E-01 2.70E-01 1.21E-01 4.85E-02 1.75E-02 5.73E-03 1.69E-03 4.50E-04 1.08E-04 2.37E-05 4.67E-06 8.36E-07 1.35E-07 1.99E-08 2.65E-09 3.20E-10 3.50E-11 3.47E-12 3.13E-13 2.55E-14 1.89E-15 1.27E-16 7.76E-18 
   3.00  1.029  2.72E+01 2.28E+01 2.28E+01 2.09E+00 3.62E+00 4.27E+00 4.07E+00 3.30E+00 2.34E+00 1.46E+00 8.14E-01 4.05E-01 1.81E-01 7.26E-02 2.63E-02 8.58E-03 2.53E-03 6.74E-04 1.63E-04 3.55E-05 7.00E-06 1.25E-06 2.03E-07 2.98E-08 3.97E-09 4.79E-10 5.24E-11 5.20E-12 4.69E-13 3.83E-14 2.84E-15 1.91E-16 1.16E-17 
   3.25  0.769  3.15E+01 1.70E+01 1.70E+01 1.56E+00 2.70E+00 3.18E+00 3.03E+00 2.46E+00 1.74E+00 1.09E+00 6.07E-01 3.02E-01 1.35E-01 5.42E-02 1.96E-02 6.40E-03 1.89E-03 5.03E-04 1.21E-04 2.64E-05 5.22E-06 9.34E-07 1.51E-07 2.22E-08 2.96E-09 3.57E-10 3.91E-11 3.88E-12 3.49E-13 2.85E-14 2.12E-15 1.42E-16 8.68E-18 
   3.50  0.520  3.83E+01 2.71E+01 2.71E+01 2.48E+00 4.30E+00 5.07E+00 4.83E+00 3.92E+00 2.78E+00 1.74E+00 9.66E-01 4.81E-01 2.15E-01 8.62E-02 3.12E-02 1.02E-02 3.00E-03 8.01E-04 1.93E-04 4.21E-05 8.32E-06 1.49E-06 2.41E-07 3.54E-08 4.71E-09 5.69E-10 6.23E-11 6.18E-12 5.56E-13 4.54E-14 3.37E-15 2.26E-16 1.38E-17 
   3.75 30.728  4.55E+01 2.88E+01 2.88E+01 2.64E+00 4.56E+00 5.39E+00 5.13E+00 4.17E+00 2.95E+00 1.84E+00 1.03E+00 5.11E-01 2.28E-01 9.16E-02 3.31E-02 1.08E-02 3.19E-03 8.50E-04 2.05E-04 4.47E-05 8.83E-06 1.58E-06 2.56E-07 3.76E-08 5.01E-09 6.04E-10 6.61E-11 6.56E-12 5.91E-13 4.83E-14 3.58E-15 2.40E-16 1.47E-17 
   4.00 30.681  5.44E+01 3.58E+01 3.58E+01 3.28E+00 5.67E+00 6.70E+00 6.38E+00 5.18E+00 3.67E+00 2.29E+00 1.28E+00 6.35E-01 2.84E-01 1.14E-01 4.12E-02 1.35E-02 3.97E-03 1.06E-03 2.55E-04 5.56E-05 1.10E-05 1.96E-06 3.18E-07 4.68E-08 6.22E-09 7.51E-10 8.22E-11 8.16E-12 7.35E-13 6.00E-14 4.45E-15 2.99E-16 1.82E-17 
   4.25  0.847  6.73E+01 5.16E+01 5.16E+01 4.72E+00 8.17E+00 9.64E+00 9.19E+00 7.46E+00 5.28E+00 3.30E+00 1.84E+00 9.14E-01 4.08E-01 1.64E-01 5.93E-02 1.94E-02 5.71E-03 1.52E-03 3.67E-04 8.00E-05 1.58E-05 2.83E-06 4.58E-07 6.73E-08 8.96E-09 1.08E-09 1.18E-10 1.17E-11 1.06E-12 8.64E-14 6.40E-15 4.30E-16 2.63E-17 
   4.50  1.159  8.35E+01 6.46E+01 6.46E+01 5.91E+00 1.02E+01 1.21E+01 1.15E+01 9.34E+00 6.61E+00 4.13E+00 2.30E+00 1.14E+00 5.11E-01 2.05E-01 7.43E-02 2.43E-02 7.15E-03 1.91E-03 4.60E-04 1.00E-04 1.98E-05 3.54E-06 5.74E-07 8.43E-08 1.12E-08 1.35E-09 1.48E-10 1.47E-11 1.32E-12 1.08E-13 8.02E-15 5.39E-16 3.29E-17 
   4.75  1.211  1.04E+02 8.40E+01 8.40E+01 7.68E+00 1.33E+01 1.57E+01 1.50E+01 1.21E+01 8.60E+00 5.37E+00 2.99E+00 1.49E+00 6.65E-01 2.67E-01 9.66E-02 3.15E-02 9.30E-03 2.48E-03 5.98E-04 1.30E-04 2.57E-05 4.61E-06 7.46E-07 1.10E-07 1.46E-08 1.76E-09 1.93E-10 1.91E-11 1.72E-12 1.41E-13 1.04E-14 7.01E-16 4.28E-17 
   5.00  1.185  1.30E+02 1.01E+02 1.01E+02 9.23E+00 1.60E+01 1.89E+01 1.80E+01 1.46E+01 1.03E+01 6.46E+00 3.59E+00 1.79E+00 7.99E-01 3.21E-01 1.16E-01 3.79E-02 1.12E-02 2.98E-03 7.18E-04 1.57E-04 3.09E-05 5.53E-06 8.97E-07 1.32E-07 1.75E-08 2.12E-09 2.32E-10 2.30E-11 2.07E-12 1.69E-13 1.25E-14 8.42E-16 5.14E-17 
   5.50  1.280  2.12E+02 1.65E+02 1.65E+02 1.51E+01 2.61E+01 3.08E+01 2.93E+01 2.38E+01 1.68E+01 1.05E+01 5.86E+00 2.92E+00 1.30E+00 5.23E-01 1.89E-01 6.18E-02 1.82E-02 4.86E-03 1.17E-03 2.55E-04 5.05E-05 9.03E-06 1.46E-06 2.15E-07 2.86E-08 3.45E-09 3.78E-10 3.75E-11 3.38E-12 2.76E-13 2.04E-14 1.37E-15 8.38E-17 
   6.00  0.985  3.49E+02 2.73E+02 2.73E+02 2.50E+01 4.33E+01 5.11E+01 4.87E+01 3.95E+01 2.80E+01 1.75E+01 9.73E+00 4.84E+00 2.16E+00 8.69E-01 3.14E-01 1.03E-01 3.03E-02 8.07E-03 1.94E-03 4.24E-04 8.38E-05 1.50E-05 2.43E-06 3.57E-07 4.75E-08 5.73E-09 6.27E-10 6.23E-11 5.61E-12 4.58E-13 3.39E-14 2.28E-15 1.39E-16 
   6.50  0.985  5.75E+02 4.54E+02 4.54E+02 4.15E+01 7.19E+01 8.48E+01 8.08E+01 6.56E+01 4.64E+01 2.90E+01 1.62E+01 8.04E+00 3.59E+00 1.44E+00 5.22E-01 1.70E-01 5.03E-02 1.34E-02 3.23E-03 7.04E-04 1.39E-04 2.49E-05 4.03E-06 5.92E-07 7.88E-08 9.51E-09 1.04E-09 1.03E-10 9.31E-12 7.60E-13 5.63E-14 3.79E-15 2.31E-16 
   7.00  0.985  9.53E+02 7.54E+02 7.54E+02 6.90E+01 1.20E+02 1.41E+02 1.34E+02 1.09E+02 7.72E+01 4.83E+01 2.69E+01 1.34E+01 5.97E+00 2.40E+00 8.68E-01 2.83E-01 8.36E-02 2.23E-02 5.37E-03 1.17E-03 2.31E-04 4.14E-05 6.71E-06 9.85E-07 1.31E-07 1.58E-08 1.73E-09 1.72E-10 1.55E-11 1.26E-12 9.37E-14 6.30E-15 3.84E-16 
   7.50  0.985  1.58E+03 1.25E+03 1.25E+03 1.15E+02 1.99E+02 2.34E+02 2.23E+02 1.81E+02 1.28E+02 8.03E+01 4.47E+01 2.22E+01 9.93E+00 3.99E+00 1.44E+00 4.71E-01 1.39E-01 3.70E-02 8.92E-03 1.95E-03 3.84E-04 6.88E-05 1.11E-05 1.64E-06 2.18E-07 2.63E-08 2.88E-09 2.86E-10 2.57E-11 2.10E-12 1.56E-13 1.05E-14 6.39E-16 
   8.00  0.985  2.62E+03 2.08E+03 2.08E+03 1.91E+02 3.30E+02 3.89E+02 3.71E+02 3.01E+02 2.13E+02 1.33E+02 7.42E+01 3.69E+01 1.65E+01 6.62E+00 2.40E+00 7.83E-01 2.31E-01 6.15E-02 1.48E-02 3.23E-03 6.39E-04 1.14E-04 1.85E-05 2.72E-06 3.62E-07 4.37E-08 4.78E-09 4.75E-10 4.27E-11 3.49E-12 2.59E-13 1.74E-14 1.06E-15 
   8.50  0.985  4.35E+03 3.46E+03 3.46E+03 3.16E+02 5.48E+02 6.47E+02 6.16E+02 5.00E+02 3.54E+02 2.21E+02 1.23E+02 6.13E+01 2.74E+01 1.10E+01 3.98E+00 1.30E+00 3.83E-01 1.02E-01 2.46E-02 5.37E-03 1.06E-03 1.90E-04 3.08E-05 4.52E-06 6.01E-07 7.26E-08 7.94E-09 7.88E-10 7.10E-11 5.80E-12 4.30E-13 2.89E-14 1.76E-15 
   9.00  0.985  7.22E+03 5.75E+03 5.75E+03 5.25E+02 9.10E+02 1.07E+03 1.02E+03 8.31E+02 5.88E+02 3.68E+02 2.05E+02 1.02E+02 4.55E+01 1.83E+01 6.61E+00 2.16E+00 6.36E-01 1.70E-01 4.09E-02 8.92E-03 1.76E-03 3.15E-04 5.11E-05 7.50E-06 9.98E-07 1.20E-07 1.32E-08 1.31E-09 1.18E-10 9.62E-12 7.13E-13 4.80E-14 2.93E-15 
   9.50  0.985  1.20E+04 9.54E+03 9.54E+03 8.72E+02 1.51E+03 1.78E+03 1.70E+03 1.38E+03 9.76E+02 6.11E+02 3.40E+02 1.69E+02 7.55E+01 3.03E+01 1.10E+01 3.58E+00 1.06E+00 2.82E-01 6.79E-02 1.48E-02 2.92E-03 5.23E-04 8.48E-05 1.25E-05 1.66E-06 2.00E-07 2.19E-08 2.17E-09 1.96E-10 1.60E-11 1.18E-12 7.96E-14 4.86E-15 
  10.00  0.985  1.99E+04 1.59E+04 1.59E+04 1.45E+03 2.51E+03 2.97E+03 2.83E+03 2.29E+03 1.62E+03 1.02E+03 5.65E+02 2.81E+02 1.26E+02 5.04E+01 1.82E+01 5.96E+00 1.76E+00 4.68E-01 1.13E-01 2.46E-02 4.86E-03 8.70E-04 1.41E-04 2.07E-05 2.76E-06 3.33E-07 3.64E-08 3.61E-09 3.25E-10 2.66E-11 1.97E-12 1.32E-13 8.08E-15 
  11.00  0.985  6.37E+04 4.38E+04 4.38E+04 4.01E+03 6.94E+03 8.19E+03 7.80E+03 6.33E+03 4.48E+03 2.80E+03 1.56E+03 7.77E+02 3.47E+02 1.39E+02 5.04E+01 1.65E+01 4.85E+00 1.29E+00 3.12E-01 6.80E-02 1.34E-02 2.40E-03 3.89E-04 5.72E-05 7.61E-06 9.19E-07 1.01E-07 9.98E-09 8.99E-10 7.34E-11 5.44E-12 3.66E-13 2.23E-14 
  12.00  0.985  1.85E+05 1.21E+05 1.21E+05 1.10E+04 1.91E+04 2.26E+04 2.15E+04 1.75E+04 1.24E+04 7.73E+03 4.30E+03 2.14E+03 9.56E+02 3.84E+02 1.39E+02 4.54E+01 1.34E+01 3.57E+00 8.59E-01 1.87E-01 3.70E-02 6.62E-03 1.07E-03 1.58E-04 2.10E-05 2.53E-06 2.77E-07 2.75E-08 2.48E-09 2.02E-10 1.50E-11 1.01E-12 6.15E-14 
  13.00  0.985  5.18E+05 3.34E+05 3.34E+05 3.05E+04 5.28E+04 6.23E+04 5.94E+04 4.82E+04 3.41E+04 2.13E+04 1.19E+04 5.91E+03 2.64E+03 1.06E+03 3.84E+02 1.25E+02 3.69E+01 9.84E+00 2.37E+00 5.18E-01 1.02E-01 1.83E-02 2.96E-03 4.35E-04 5.79E-05 6.99E-06 7.65E-07 7.60E-08 6.84E-09 5.59E-10 4.14E-11 2.78E-12 1.70E-13 
  14.00  0.985  1.44E+06 9.21E+05 9.21E+05 8.42E+04 1.46E+05 1.72E+05 1.64E+05 1.33E+05 9.43E+04 5.89E+04 3.28E+04 1.63E+04 7.29E+03 2.93E+03 1.06E+03 3.46E+02 1.02E+02 2.72E+01 6.55E+00 1.43E+00 2.82E-01 5.05E-02 8.19E-03 1.20E-03 1.60E-04 1.93E-05 2.11E-06 2.10E-07 1.89E-08 1.54E-09 1.14E-10 7.69E-12 4.69E-13 
  15.00  0.985  3.98E+06 2.54E+06 2.54E+06 2.32E+05 4.02E+05 4.75E+05 4.52E+05 3.67E+05 2.60E+05 1.63E+05 9.04E+04 4.50E+04 2.01E+04 8.07E+03 2.92E+03 9.54E+02 2.81E+02 7.50E+01 1.81E+01 3.94E+00 7.79E-01 1.39E-01 2.26E-02 3.31E-03 4.41E-04 5.33E-05 5.83E-06 5.79E-07 5.21E-08 4.25E-09 3.15E-10 2.12E-11 1.29E-12 
  16.00  0.985  1.10E+07 7.01E+06 7.01E+06 6.41E+05 1.11E+06 1.31E+06 1.25E+06 1.01E+06 7.18E+05 4.49E+05 2.50E+05 1.24E+05 5.55E+04 2.23E+04 8.07E+03 2.63E+03 7.77E+02 2.07E+02 4.99E+01 1.09E+01 2.15E+00 3.85E-01 6.23E-02 9.15E-03 1.22E-03 1.47E-04 1.61E-05 1.60E-06 1.44E-07 1.17E-08 8.70E-10 5.85E-11 3.57E-12 
  17.00  0.985  3.04E+07 1.94E+07 1.94E+07 1.77E+06 3.07E+06 3.62E+06 3.45E+06 2.80E+06 1.98E+06 1.24E+06 6.90E+05 3.43E+05 1.53E+05 6.16E+04 2.23E+04 7.27E+03 2.14E+03 5.72E+02 1.38E+02 3.01E+01 5.94E+00 1.06E+00 1.72E-01 2.53E-02 3.36E-03 4.06E-04 4.44E-05 4.41E-06 3.97E-07 3.24E-08 2.40E-09 1.62E-10 9.86E-12 
  18.00  0.985  8.37E+07 5.34E+07 5.34E+07 4.88E+06 8.46E+06 9.98E+06 9.51E+06 7.72E+06 5.47E+06 3.42E+06 1.90E+06 9.46E+05 4.23E+05 1.70E+05 6.14E+04 2.01E+04 5.91E+03 1.58E+03 3.80E+02 8.29E+01 1.64E+01 2.93E+00 4.74E-01 6.97E-02 9.28E-03 1.12E-03 1.23E-04 1.22E-05 1.10E-06 8.94E-08 6.63E-09 4.46E-10 2.72E-11 
  19.00  0.985  2.31E+08 1.47E+08 1.47E+08 1.35E+07 2.34E+07 2.76E+07 2.63E+07 2.13E+07 1.51E+07 9.44E+06 5.25E+06 2.61E+06 1.17E+06 4.69E+05 1.70E+05 5.54E+04 1.63E+04 4.35E+03 1.05E+03 2.29E+02 4.52E+01 8.08E+00 1.31E+00 1.92E-01 2.56E-02 3.09E-03 3.38E-04 3.36E-05 3.02E-06 2.47E-07 1.83E-08 1.23E-09 7.51E-11 
  20.00  0.985  6.38E+08 4.07E+08 4.07E+08 3.72E+07 6.45E+07 7.61E+07 7.25E+07 5.89E+07 4.17E+07 2.61E+07 1.45E+07 7.22E+06 3.22E+06 1.29E+06 4.68E+05 1.53E+05 4.51E+04 1.20E+04 2.90E+03 6.32E+02 1.25E+02 2.23E+01 3.62E+00 5.31E-01 7.07E-02 8.54E-03 9.34E-04 9.28E-05 8.35E-06 6.82E-07 5.05E-08 3.40E-09 2.07E-10 
  22.50  0.985  1.35E+10 5.15E+09 5.15E+09 4.71E+08 8.16E+08 9.63E+08 9.18E+08 7.45E+08 5.27E+08 3.30E+08 1.83E+08 9.13E+07 4.08E+07 1.64E+07 5.93E+06 1.94E+06 5.71E+05 1.52E+05 3.67E+04 8.00E+03 1.58E+03 2.83E+02 4.58E+01 6.72E+00 8.95E-01 1.08E-01 1.18E-02 1.17E-03 1.06E-04 8.63E-06 6.40E-07 4.30E-08 2.62E-09 
  25.00  0.985  1.76E+11 6.52E+10 6.52E+10 5.96E+09 1.03E+10 1.22E+10 1.16E+10 9.42E+09 6.67E+09 4.17E+09 2.32E+09 1.16E+09 5.16E+08 2.07E+08 7.50E+07 2.45E+07 7.22E+06 1.92E+06 4.64E+05 1.01E+05 2.00E+04 3.57E+03 5.79E+02 8.50E+01 1.13E+01 1.37E+00 1.50E-01 1.48E-02 1.34E-03 1.09E-04 8.09E-06 5.44E-07 3.32E-08 
  30.00  0.985  5.23E+13 1.04E+13 1.04E+13 9.54E+11 1.65E+12 1.95E+12 1.86E+12 1.51E+12 1.07E+12 6.68E+11 3.72E+11 1.85E+11 8.26E+10 3.32E+10 1.20E+10 3.92E+09 1.16E+09 3.08E+08 7.42E+07 1.62E+07 3.20E+06 5.72E+05 9.27E+04 1.36E+04 1.81E+03 2.19E+02 2.39E+01 2.38E+00 2.14E-01 1.75E-02 1.30E-03 8.71E-05 5.31E-06 
  40.00  0.985  2.68E+18 2.68E+17 2.68E+17 2.45E+16 4.24E+16 5.00E+16 4.77E+16 3.87E+16 2.74E+16 1.71E+16 9.53E+15 4.74E+15 2.12E+15 8.51E+14 3.08E+14 1.01E+14 2.96E+13 7.90E+12 1.90E+12 4.15E+11 8.21E+10 1.47E+10 2.38E+09 3.49E+08 4.65E+07 5.61E+06 6.14E+05 6.10E+04 5.49E+03 4.48E+02 3.32E+01 2.23E+00 1.36E-01 
  50.00  0.985  6.87E+22 6.87E+21 6.87E+21 6.28E+20 1.09E+21 1.28E+21 1.22E+21 9.93E+20 7.03E+20 4.40E+20 2.45E+20 1.22E+20 5.44E+19 2.18E+19 7.90E+18 2.58E+18 7.61E+17 2.03E+17 4.89E+16 1.07E+16 2.11E+15 3.77E+14 6.11E+13 8.97E+12 1.19E+12 1.44E+11 1.58E+10 1.57E+09 1.41E+08 1.15E+07 8.53E+05 5.73E+04 3.50E+03 
  60.00  0.985  1.76E+27 1.76E+26 1.76E+26 1.61E+25 2.79E+25 3.29E+25 3.14E+25 2.55E+25 1.80E+25 1.13E+25 6.27E+24 3.12E+24 1.39E+24 5.60E+23 2.03E+23 6.61E+22 1.95E+22 5.20E+21 1.25E+21 2.73E+20 5.40E+19 9.65E+18 1.56E+18 2.30E+17 3.06E+16 3.69E+15 4.04E+14 4.01E+13 3.61E+12 2.95E+11 2.19E+10 1.47E+09 8.96E+07 
