#     E      f(E1)     Model:  3
    0.001  0.00000E+00
    0.002  0.00000E+00
    0.005  0.00000E+00
    0.010  0.00000E+00
    0.020  0.00000E+00
    0.050  0.00000E+00
    0.100  0.00000E+00
    0.200  5.10710E-12
    0.300  1.14927E-11
    0.400  2.04527E-11
    0.500  3.19800E-11
    0.600  4.61007E-11
    0.700  6.28151E-11
    0.800  8.21575E-11
    0.900  1.04171E-10
    1.000  1.28805E-10
    1.100  1.56127E-10
    1.200  1.86225E-10
    1.300  2.19012E-10
    1.400  2.54661E-10
    1.500  2.93085E-10
    1.600  3.34372E-10
    1.700  3.78608E-10
    1.800  4.25880E-10
    1.900  4.76101E-10
    2.000  5.29445E-10
    2.200  6.45585E-10
    2.400  7.74824E-10
    2.600  9.17680E-10
    2.800  1.07554E-09
    3.000  1.24815E-09
    3.200  1.43724E-09
    3.400  1.64280E-09
    3.600  1.86745E-09
    3.800  2.11119E-09
    4.000  2.37574E-09
    4.500  3.13989E-09
    5.000  4.07665E-09
    5.500  5.22679E-09
    6.000  6.65101E-09
    6.500  8.43347E-09
    7.000  1.07034E-08
    7.500  1.36698E-08
    8.000  1.76857E-08
    8.500  2.33410E-08
    9.000  3.16157E-08
    9.500  4.30564E-08
   10.000  5.52170E-08
   10.500  6.65188E-08
   11.000  8.29902E-08
   11.500  1.10937E-07
   12.000  1.51183E-07
   12.500  2.02618E-07
   13.000  2.76258E-07
   13.500  3.78868E-07
   14.000  4.68295E-07
   14.500  4.88331E-07
   15.000  4.95183E-07
   15.500  5.12184E-07
   16.000  4.84688E-07
   16.500  4.48779E-07
   17.000  4.39151E-07
   17.500  4.36462E-07
   18.000  4.24579E-07
   18.500  4.05150E-07
   19.000  3.89971E-07
   19.500  3.77567E-07
   20.000  3.54929E-07
   21.000  2.73569E-07
   21.500  2.35058E-07
   22.000  2.01838E-07
   22.500  1.73995E-07
   23.000  1.52658E-07
   23.500  1.34356E-07
   24.000  1.19871E-07
   24.500  1.10417E-07
   25.000  1.04518E-07
   25.500  9.89672E-08
   26.000  9.24619E-08
   26.500  8.53755E-08
   27.000  7.82804E-08
   27.500  7.14542E-08
   28.000  6.54606E-08
   28.500  6.04212E-08
   29.000  5.55813E-08
   29.500  5.08801E-08
   30.000  4.65346E-08
