#     E      f(E1)     Model:  1
    0.001  4.25928E-09
    0.002  4.25889E-09
    0.005  4.25770E-09
    0.010  4.25573E-09
    0.020  4.25177E-09
    0.050  4.23984E-09
    0.100  4.21972E-09
    0.200  4.17871E-09
    0.300  4.13672E-09
    0.400  4.09381E-09
    0.500  4.05008E-09
    0.600  4.00559E-09
    0.700  3.96042E-09
    0.800  3.91465E-09
    0.900  3.86835E-09
    1.000  3.82160E-09
    1.100  3.77446E-09
    1.200  3.72702E-09
    1.300  3.67935E-09
    1.400  3.63153E-09
    1.500  3.58363E-09
    1.600  3.53572E-09
    1.700  3.48789E-09
    1.800  3.44022E-09
    1.900  3.39277E-09
    2.000  3.34563E-09
    2.200  3.25259E-09
    2.400  3.16175E-09
    2.600  3.07378E-09
    2.800  2.98936E-09
    3.000  2.90923E-09
    3.200  2.83412E-09
    3.400  2.76483E-09
    3.600  2.70216E-09
    3.800  2.64700E-09
    4.000  2.60026E-09
    4.500  2.52679E-09
    5.000  2.52927E-09
    5.500  2.62800E-09
    6.000  3.01586E-09
    6.500  4.00067E-09
    7.000  5.23622E-09
    7.500  6.78030E-09
    8.000  8.70592E-09
    8.500  1.11061E-08
    9.000  1.41005E-08
    9.500  1.78442E-08
   10.000  2.25402E-08
   10.500  2.84565E-08
   11.000  3.59495E-08
   11.500  4.54962E-08
   12.000  5.77381E-08
   12.500  7.35371E-08
   13.000  9.40419E-08
   13.500  1.20748E-07
   14.000  1.55501E-07
   14.500  2.00327E-07
   15.000  2.56823E-07
   15.500  3.24740E-07
   16.000  3.99587E-07
   16.500  4.70436E-07
   17.000  5.21393E-07
   17.500  5.39369E-07
   18.000  5.22732E-07
   18.500  4.81320E-07
   19.000  4.28565E-07
   19.500  3.74785E-07
   20.000  3.25521E-07
   21.000  2.46678E-07
   21.500  2.16510E-07
   22.000  1.91361E-07
   22.500  1.70342E-07
   23.000  1.52684E-07
   23.500  1.37751E-07
   24.000  1.25035E-07
   24.500  1.14126E-07
   25.000  1.04703E-07
   25.500  9.65055E-08
   26.000  8.93290E-08
   26.500  8.30075E-08
   27.000  7.74069E-08
   27.500  7.24182E-08
   28.000  6.79522E-08
   28.500  6.39350E-08
   29.000  6.03059E-08
   29.500  5.70136E-08
   30.000  5.40156E-08
