#     E      f(E1)     Model:  8
    0.001  8.45255E-10
    0.002  8.45120E-10
    0.005  8.44714E-10
    0.010  8.44036E-10
    0.020  8.42678E-10
    0.050  8.38589E-10
    0.100  8.31717E-10
    0.200  8.30139E-10
    0.300  8.30830E-10
    0.400  8.36922E-10
    0.500  8.48441E-10
    0.600  8.65430E-10
    0.700  8.87927E-10
    0.800  9.15847E-10
    0.900  9.49439E-10
    1.000  9.88517E-10
    1.100  1.03325E-09
    1.200  1.08362E-09
    1.300  1.13982E-09
    1.400  1.20176E-09
    1.500  1.26961E-09
    1.600  1.34348E-09
    1.700  1.42339E-09
    1.800  1.50997E-09
    1.900  1.60230E-09
    2.000  1.70130E-09
    2.200  1.91947E-09
    2.400  2.16581E-09
    2.600  2.44261E-09
    2.800  2.75138E-09
    3.000  3.09362E-09
    3.200  3.47254E-09
    3.400  3.88956E-09
    3.600  4.34770E-09
    3.800  4.84982E-09
    4.000  5.39692E-09
    4.500  6.98410E-09
    5.000  8.91940E-09
    5.500  1.12668E-08
    6.000  1.40911E-08
    6.500  1.74845E-08
    7.000  2.15576E-08
    7.500  2.64477E-08
    8.000  3.23096E-08
    8.500  3.93180E-08
    9.000  4.76795E-08
    9.500  5.77150E-08
   10.000  6.97801E-08
   10.500  8.43781E-08
   11.000  1.02090E-07
   11.500  1.23427E-07
   12.000  1.49188E-07
   12.500  1.79806E-07
   13.000  2.15976E-07
   13.500  2.57957E-07
   14.000  3.05315E-07
   14.500  3.55796E-07
   15.000  4.04890E-07
   15.500  4.45916E-07
   16.000  4.72979E-07
   16.500  4.83994E-07
   17.000  4.79831E-07
   17.500  4.63524E-07
   18.000  4.38370E-07
   18.500  4.07926E-07
   19.000  3.74965E-07
   19.500  3.40964E-07
   20.000  3.06790E-07
   21.000  2.41737E-07
   21.500  2.12853E-07
   22.000  1.87179E-07
   22.500  1.65061E-07
   23.000  1.46152E-07
   23.500  1.30106E-07
   24.000  1.16575E-07
   24.500  1.05126E-07
   25.000  9.54110E-08
   25.500  8.70842E-08
   26.000  7.99631E-08
   26.500  7.38134E-08
   27.000  6.84791E-08
   27.500  6.38213E-08
   28.000  5.97186E-08
   28.500  5.60583E-08
   29.000  5.27710E-08
   29.500  4.98045E-08
   30.000  4.71244E-08
