#     E      f(E1)     Model:  5
    0.001  6.45650E-09
    0.002  6.45577E-09
    0.005  6.45358E-09
    0.010  6.44993E-09
    0.020  6.44266E-09
    0.050  6.42108E-09
    0.100  6.38583E-09
    0.200  6.31804E-09
    0.300  6.25383E-09
    0.400  6.19318E-09
    0.500  6.13606E-09
    0.600  6.08247E-09
    0.700  6.03239E-09
    0.800  5.98581E-09
    0.900  5.94272E-09
    1.000  5.90310E-09
    1.100  5.86696E-09
    1.200  5.83430E-09
    1.300  5.80510E-09
    1.400  5.77939E-09
    1.500  5.75715E-09
    1.600  5.73840E-09
    1.700  5.72315E-09
    1.800  5.71141E-09
    1.900  5.70320E-09
    2.000  5.69852E-09
    2.200  5.69989E-09
    2.400  5.71569E-09
    2.600  5.74618E-09
    2.800  5.79161E-09
    3.000  5.85234E-09
    3.200  5.92872E-09
    3.400  6.02118E-09
    3.600  6.13020E-09
    3.800  6.25633E-09
    4.000  6.40014E-09
    4.500  6.84161E-09
    5.000  7.41030E-09
    5.500  8.12179E-09
    6.000  8.99552E-09
    6.500  1.00558E-08
    7.000  1.13330E-08
    7.500  1.28649E-08
    8.000  1.46990E-08
    8.500  1.68953E-08
    9.000  1.96828E-08
    9.500  2.35155E-08
   10.000  2.81047E-08
   10.500  3.36342E-08
   11.000  4.03428E-08
   11.500  4.85424E-08
   12.000  5.86435E-08
   12.500  7.11876E-08
   13.000  8.68887E-08
   13.500  1.06681E-07
   14.000  1.31758E-07
   14.500  1.63573E-07
   15.000  2.03709E-07
   15.500  2.53441E-07
   16.000  3.12705E-07
   16.500  3.78260E-07
   17.000  4.41637E-07
   17.500  4.89320E-07
   18.000  5.08172E-07
   18.500  4.93874E-07
   19.000  4.53702E-07
   19.500  4.00557E-07
   20.000  3.45533E-07
   21.000  2.51434E-07
   21.500  2.15008E-07
   22.000  1.84972E-07
   22.500  1.60294E-07
   23.000  1.39977E-07
   23.500  1.23164E-07
   24.000  1.09158E-07
   24.500  9.74027E-08
   25.000  8.74621E-08
   25.500  7.89929E-08
   26.000  7.17252E-08
   26.500  6.54454E-08
   27.000  5.99842E-08
   27.500  5.52060E-08
   28.000  5.10014E-08
   28.500  4.72819E-08
   29.000  4.39752E-08
   29.500  4.10219E-08
   30.000  3.83726E-08
