#     E      f(E1)     Model:  4
    0.001  0.00000E+00
    0.002  0.00000E+00
    0.005  0.00000E+00
    0.010  0.00000E+00
    0.020  0.00000E+00
    0.050  0.00000E+00
    0.100  0.00000E+00
    0.200  3.01933E-10
    0.300  3.25264E-10
    0.400  3.50245E-10
    0.500  3.77047E-10
    0.600  4.05583E-10
    0.700  4.35855E-10
    0.800  4.67948E-10
    0.900  5.01862E-10
    1.000  5.37598E-10
    1.100  5.75242E-10
    1.200  6.14794E-10
    1.300  6.56340E-10
    1.400  6.99796E-10
    1.500  7.45334E-10
    1.600  7.93040E-10
    1.700  8.42827E-10
    1.800  8.95128E-10
    1.900  9.49774E-10
    2.000  1.00615E-09
    2.200  1.12758E-09
    2.400  1.26116E-09
    2.600  1.40861E-09
    2.800  1.57688E-09
    3.000  1.79113E-09
    3.200  2.14848E-09
    3.400  2.45293E-09
    3.600  2.75391E-09
    3.800  3.15984E-09
    4.000  3.59959E-09
    4.500  4.47911E-09
    5.000  5.42195E-09
    5.500  6.52438E-09
    6.000  7.83932E-09
    6.500  9.42835E-09
    7.000  1.13799E-08
    7.500  1.38172E-08
    8.000  1.69224E-08
    8.500  2.09991E-08
    9.000  2.65503E-08
    9.500  3.45128E-08
   10.000  4.67080E-08
   10.500  6.66837E-08
   11.000  9.83601E-08
   11.500  1.31927E-07
   12.000  1.52224E-07
   12.500  1.75383E-07
   13.000  2.06001E-07
   13.500  2.42344E-07
   14.000  2.76952E-07
   14.500  3.07831E-07
   15.000  3.39403E-07
   15.500  3.67939E-07
   16.000  3.90318E-07
   16.500  4.12176E-07
   17.000  4.30217E-07
   17.500  4.36028E-07
   18.000  4.34033E-07
   18.500  4.30564E-07
   19.000  4.25186E-07
   19.500  4.16079E-07
   20.000  4.01940E-07
   21.000  3.51373E-07
   21.500  3.18066E-07
   22.000  2.84672E-07
   22.500  2.53793E-07
   23.000  2.25777E-07
   23.500  2.00276E-07
   24.000  1.77291E-07
   24.500  1.56561E-07
   25.000  1.38346E-07
   25.500  1.22473E-07
   26.000  1.08769E-07
   26.500  9.70590E-08
   27.000  8.69975E-08
   27.500  7.84886E-08
   28.000  7.11853E-08
   28.500  6.49228E-08
   29.000  5.94931E-08
   29.500  5.47572E-08
   30.000  5.05505E-08
