#     E      f(E1)     Model:  9
    0.001  0.00000E+00
    0.002  0.00000E+00
    0.005  0.00000E+00
    0.010  0.00000E+00
    0.020  0.00000E+00
    0.050  0.00000E+00
    0.100  0.00000E+00
    0.200  3.23124E-10
    0.300  3.52744E-10
    0.400  3.85304E-10
    0.500  4.19357E-10
    0.600  4.55604E-10
    0.700  4.94997E-10
    0.800  5.35506E-10
    0.900  5.80067E-10
    1.000  6.25496E-10
    1.100  6.75009E-10
    1.200  7.26849E-10
    1.300  7.81934E-10
    1.400  8.39681E-10
    1.500  9.01567E-10
    1.600  9.64874E-10
    1.700  1.03671E-09
    1.800  1.11012E-09
    1.900  1.18610E-09
    2.000  1.26224E-09
    2.200  1.43171E-09
    2.400  1.61716E-09
    2.600  1.81920E-09
    2.800  2.03583E-09
    3.000  2.26763E-09
    3.200  2.53006E-09
    3.400  2.80271E-09
    3.600  3.09935E-09
    3.800  3.40985E-09
    4.000  3.74362E-09
    4.500  4.66013E-09
    5.000  5.75809E-09
    5.500  6.99385E-09
    6.000  8.50980E-09
    6.500  1.03998E-08
    7.000  1.26983E-08
    7.500  1.53959E-08
    8.000  1.87006E-08
    8.500  2.24996E-08
    9.000  2.70967E-08
    9.500  3.27000E-08
   10.000  3.96042E-08
   10.500  4.78963E-08
   11.000  5.82961E-08
   11.500  7.12980E-08
   12.000  8.76914E-08
   12.500  1.09029E-07
   13.000  1.34963E-07
   13.500  1.68964E-07
   14.000  2.11986E-07
   14.500  2.62988E-07
   15.000  3.21015E-07
   15.500  3.78001E-07
   16.000  4.27007E-07
   16.500  4.63004E-07
   17.000  4.87984E-07
   17.500  5.04030E-07
   18.000  5.10970E-07
   18.500  5.00994E-07
   19.000  4.72979E-07
   19.500  4.29957E-07
   20.000  3.79996E-07
   21.000  2.83978E-07
   21.500  2.43992E-07
   22.000  2.09991E-07
   22.500  1.81975E-07
   23.000  1.58989E-07
   23.500  1.39994E-07
   24.000  1.24034E-07
   24.500  1.11024E-07
   25.000  9.94009E-08
   25.500  8.97731E-08
   26.000  8.14984E-08
   26.500  7.42992E-08
   27.000  6.80974E-08
   27.500  6.27024E-08
   28.000  5.78971E-08
   28.500  5.36991E-08
   29.000  4.98999E-08
   29.500  4.66039E-08
   30.000  4.36028E-08
