#     E      f(E1)     Model:  2
    0.001  0.00000E+00
    0.002  7.38785E-12
    0.005  1.84696E-11
    0.010  3.69393E-11
    0.020  7.38787E-11
    0.050  1.84699E-10
    0.100  3.69413E-10
    0.200  7.38951E-10
    0.300  1.10874E-09
    0.400  1.47890E-09
    0.500  1.84956E-09
    0.600  2.22084E-09
    0.700  2.59287E-09
    0.800  2.96578E-09
    0.900  3.33969E-09
    1.000  3.71474E-09
    1.100  4.09104E-09
    1.200  4.46874E-09
    1.300  4.84796E-09
    1.400  5.22883E-09
    1.500  5.61149E-09
    1.600  5.99607E-09
    1.700  6.38271E-09
    1.800  6.77155E-09
    1.900  7.16273E-09
    2.000  7.55639E-09
    2.200  8.35172E-09
    2.400  9.15874E-09
    2.600  9.97866E-09
    2.800  1.08127E-08
    3.000  1.16623E-08
    3.200  1.25287E-08
    3.400  1.34134E-08
    3.600  1.43178E-08
    3.800  1.52435E-08
    4.000  1.61922E-08
    4.500  1.86759E-08
    5.000  2.13437E-08
    5.500  2.42296E-08
    6.000  2.73734E-08
    6.500  3.08214E-08
    7.000  3.46287E-08
    7.500  3.88608E-08
    8.000  4.35961E-08
    8.500  4.89296E-08
    9.000  5.49765E-08
    9.500  6.18776E-08
   10.000  6.98057E-08
   10.500  7.89738E-08
   11.000  8.96450E-08
   11.500  1.02144E-07
   12.000  1.16872E-07
   12.500  1.34314E-07
   13.000  1.55053E-07
   13.500  1.79760E-07
   14.000  2.09153E-07
   14.500  2.43892E-07
   15.000  2.84347E-07
   15.500  3.30174E-07
   16.000  3.79671E-07
   16.500  4.29034E-07
   17.000  4.72032E-07
   17.500  5.00962E-07
   18.000  5.09340E-07
   18.500  4.95101E-07
   19.000  4.61775E-07
   19.500  4.16527E-07
   20.000  3.66851E-07
   21.000  2.74143E-07
   21.500  2.35524E-07
   22.000  2.02573E-07
   22.500  1.74806E-07
   23.000  1.51533E-07
   23.500  1.32042E-07
   24.000  1.15684E-07
   24.500  1.01906E-07
   25.000  9.02461E-08
   25.500  8.03271E-08
   26.000  7.18434E-08
   26.500  6.45479E-08
   27.000  5.82407E-08
   27.500  5.27598E-08
   28.000  4.79731E-08
   28.500  4.37730E-08
   29.000  4.00710E-08
   29.500  3.67941E-08
   30.000  3.38817E-08
