#     E      f(E1)     Model:  6
    0.001  0.00000E+00
    0.002  0.00000E+00
    0.005  0.00000E+00
    0.010  0.00000E+00
    0.020  0.00000E+00
    0.050  0.00000E+00
    0.100  0.00000E+00
    0.200  5.40245E-09
    0.300  3.92942E-09
    0.400  3.21308E-09
    0.500  2.80016E-09
    0.600  2.54049E-09
    0.700  2.36737E-09
    0.800  2.24981E-09
    0.900  2.16867E-09
    1.000  2.11179E-09
    1.100  2.07343E-09
    1.200  2.05057E-09
    1.300  2.04008E-09
    1.400  2.03942E-09
    1.500  2.04756E-09
    1.600  2.06206E-09
    1.700  2.08257E-09
    1.800  2.10887E-09
    1.900  2.13991E-09
    2.000  2.17548E-09
    2.200  2.25811E-09
    2.400  2.35705E-09
    2.600  2.47325E-09
    2.800  2.61341E-09
    3.000  2.80013E-09
    3.200  3.07941E-09
    3.400  3.35123E-09
    3.600  3.62437E-09
    3.800  3.96652E-09
    4.000  4.32852E-09
    4.500  5.06363E-09
    5.000  5.85474E-09
    5.500  6.72110E-09
    6.000  7.83932E-09
    6.500  9.42835E-09
    7.000  1.13799E-08
    7.500  1.38172E-08
    8.000  1.69224E-08
    8.500  2.09991E-08
    9.000  2.65503E-08
    9.500  3.45128E-08
   10.000  4.67080E-08
   10.500  6.66837E-08
   11.000  9.83601E-08
   11.500  1.31927E-07
   12.000  1.52224E-07
   12.500  1.75383E-07
   13.000  2.06001E-07
   13.500  2.42344E-07
   14.000  2.76952E-07
   14.500  3.07831E-07
   15.000  3.39403E-07
   15.500  3.67939E-07
   16.000  3.90318E-07
   16.500  4.12176E-07
   17.000  4.30217E-07
   17.500  4.36028E-07
   18.000  4.34033E-07
   18.500  4.30564E-07
   19.000  4.25186E-07
   19.500  4.16079E-07
   20.000  4.01940E-07
   21.000  3.51373E-07
   21.500  3.18066E-07
   22.000  2.84672E-07
   22.500  2.53793E-07
   23.000  2.25777E-07
   23.500  2.00276E-07
   24.000  1.77291E-07
   24.500  1.56561E-07
   25.000  1.38346E-07
   25.500  1.22473E-07
   26.000  1.08769E-07
   26.500  9.70590E-08
   27.000  8.69975E-08
   27.500  7.84886E-08
   28.000  7.11853E-08
   28.500  6.49228E-08
   29.000  5.94931E-08
   29.500  5.47572E-08
   30.000  5.05505E-08
