#     E      f(E1)     Model:  7
    0.001  0.00000E+00
    0.002  0.00000E+00
    0.005  0.00000E+00
    0.010  0.00000E+00
    0.020  0.00000E+00
    0.050  0.00000E+00
    0.100  0.00000E+00
    0.200  2.07563E-09
    0.300  1.76058E-09
    0.400  1.61061E-09
    0.500  1.53529E-09
    0.600  1.49821E-09
    0.700  1.48393E-09
    0.800  1.48494E-09
    0.900  1.49597E-09
    1.000  1.51155E-09
    1.100  1.53135E-09
    1.200  1.55604E-09
    1.300  1.58425E-09
    1.400  1.61446E-09
    1.500  1.64787E-09
    1.600  1.68448E-09
    1.700  1.72555E-09
    1.800  1.77370E-09
    1.900  1.83385E-09
    2.000  1.91391E-09
    2.200  2.03476E-09
    2.400  2.03416E-09
    2.600  2.02536E-09
    2.800  1.98829E-09
    3.000  2.00006E-09
    3.200  2.06142E-09
    3.400  2.14392E-09
    3.600  2.23468E-09
    3.800  2.32858E-09
    4.000  2.50643E-09
    4.500  2.55633E-09
    5.000  2.74361E-09
    5.500  3.28309E-09
    6.000  4.04716E-09
    6.500  5.82961E-09
    7.000  1.01223E-08
    7.500  2.21788E-08
    8.000  4.17380E-08
    8.500  6.63801E-08
    9.000  6.22427E-08
    9.500  4.35682E-08
   10.000  4.71677E-08
   10.500  6.52872E-08
   11.000  1.21953E-07
   11.500  1.84837E-07
   12.000  2.19966E-07
   12.500  1.78332E-07
   13.000  1.79633E-07
   13.500  2.47201E-07
   14.000  4.01333E-07
   14.500  4.56672E-07
   15.000  3.70889E-07
   15.500  3.32464E-07
   16.000  3.36974E-07
   16.500  3.43826E-07
   17.000  3.28387E-07
   17.500  3.08264E-07
   18.000  3.00718E-07
   18.500  3.06790E-07
   19.000  3.19367E-07
   19.500  3.29862E-07
   20.000  3.32811E-07
   21.000  3.18152E-07
   21.500  3.06356E-07
   22.000  2.94300E-07
   22.500  2.82677E-07
   23.000  2.71574E-07
   23.500  2.61079E-07
   24.000  2.42778E-07
   24.500  2.24216E-07
   25.000  2.07562E-07
   25.500  1.92730E-07
   26.000  1.79633E-07
   26.500  1.68097E-07
   27.000  1.57775E-07
   27.500  1.48754E-07
   28.000  1.40601E-07
   28.500  1.33402E-07
   29.000  1.26983E-07
   29.500  1.21172E-07
   30.000  1.15881E-07
