#     E      f(M1)     Model:  3
    0.001  1.05334E-08
    0.002  1.05256E-08
    0.005  1.05013E-08
    0.010  1.04611E-08
    0.020  1.03810E-08
    0.050  1.01448E-08
    0.100  9.76405E-09
    0.200  9.04877E-09
    0.300  8.39133E-09
    0.400  7.78748E-09
    0.500  7.23331E-09
    0.600  6.72524E-09
    0.700  6.26000E-09
    0.800  5.83461E-09
    0.900  5.44637E-09
    1.000  5.09283E-09
    1.100  4.77181E-09
    1.200  4.48138E-09
    1.300  4.21983E-09
    1.400  3.98573E-09
    1.500  3.77790E-09
    1.600  3.59542E-09
    1.700  3.43764E-09
    1.800  3.30422E-09
    1.900  3.19516E-09
    2.000  3.11078E-09
    2.200  3.01913E-09
    2.400  3.03796E-09
    2.600  3.17438E-09
    2.800  3.41203E-09
    3.000  3.66750E-09
    3.200  3.77603E-09
    3.400  3.61909E-09
    3.600  3.27147E-09
    3.800  2.89921E-09
    4.000  2.60139E-09
    4.500  2.25110E-09
    5.000  2.29442E-09
    5.500  2.59648E-09
    6.000  3.12801E-09
    6.500  3.91155E-09
    7.000  4.98380E-09
    7.500  6.33543E-09
    8.000  7.78954E-09
    8.500  8.88086E-09
    9.000  9.04144E-09
    9.500  8.16827E-09
   10.000  6.74947E-09
   10.500  5.32029E-09
   11.000  4.13153E-09
   11.500  3.21877E-09
   12.000  2.53685E-09
   12.500  2.02867E-09
   13.000  1.64662E-09
   13.500  1.35553E-09
   14.000  1.13043E-09
   14.500  9.53787E-10
   15.000  8.13206E-10
   15.500  6.99865E-10
   16.000  6.07391E-10
   16.500  5.31116E-10
   17.000  4.67578E-10
   17.500  4.14170E-10
   18.000  3.68906E-10
   18.500  3.30255E-10
   19.000  2.97024E-10
   19.500  2.68271E-10
   20.000  2.43249E-10
   21.000  2.02105E-10
   21.500  1.85100E-10
   22.000  1.70015E-10
   22.500  1.56579E-10
   23.000  1.44567E-10
   23.500  1.33791E-10
   24.000  1.24093E-10
   24.500  1.15338E-10
   25.000  1.07411E-10
   25.500  1.00214E-10
   26.000  9.36636E-11
   26.500  8.76870E-11
   27.000  8.22214E-11
   27.500  7.72121E-11
   28.000  7.26116E-11
   28.500  6.83781E-11
   29.000  6.44750E-11
   29.500  6.08701E-11
   30.000  5.75350E-11
