#     E      f(M1)     Model:  2
    0.001  0.00000E+00
    0.002  2.46700E-13
    0.005  6.16750E-13
    0.010  1.23350E-12
    0.020  2.46702E-12
    0.050  6.16777E-12
    0.100  1.23371E-11
    0.200  2.46870E-11
    0.300  3.70625E-11
    0.400  4.94764E-11
    0.500  6.19418E-11
    0.600  7.44716E-11
    0.700  8.70792E-11
    0.800  9.97779E-11
    0.900  1.12581E-10
    1.000  1.25504E-10
    1.100  1.38559E-10
    1.200  1.51762E-10
    1.300  1.65127E-10
    1.400  1.78671E-10
    1.500  1.92407E-10
    1.600  2.06354E-10
    1.700  2.20528E-10
    1.800  2.34946E-10
    1.900  2.49626E-10
    2.000  2.64587E-10
    2.200  2.95432E-10
    2.400  3.27648E-10
    2.600  3.61416E-10
    2.800  3.96938E-10
    3.000  4.34433E-10
    3.200  4.74147E-10
    3.400  5.16353E-10
    3.600  5.61356E-10
    3.800  6.09497E-10
    4.000  6.61164E-10
    4.500  8.08753E-10
    5.000  9.89856E-10
    5.500  1.21645E-09
    6.000  1.50546E-09
    6.500  1.88087E-09
    7.000  2.37641E-09
    7.500  3.03760E-09
    8.000  3.91876E-09
    8.500  5.06190E-09
    9.000  6.42982E-09
    9.500  7.77737E-09
   10.000  8.59077E-09
   10.500  8.41370E-09
   11.000  7.35828E-09
   11.500  5.96599E-09
   12.000  4.66969E-09
   12.500  3.62714E-09
   13.000  2.83664E-09
   13.500  2.24751E-09
   14.000  1.80750E-09
   14.500  1.47530E-09
   15.000  1.22093E-09
   15.500  1.02322E-09
   16.000  8.67280E-10
   16.500  7.42590E-10
   17.000  6.41613E-10
   17.500  5.58882E-10
   18.000  4.90380E-10
   18.500  4.33108E-10
   19.000  3.84804E-10
   19.500  3.43736E-10
   20.000  3.08562E-10
   21.000  2.51923E-10
   21.500  2.28966E-10
   22.000  2.08831E-10
   22.500  1.91085E-10
   23.000  1.75374E-10
   23.500  1.61406E-10
   24.000  1.48940E-10
   24.500  1.37772E-10
   25.000  1.27735E-10
   25.500  1.18684E-10
   26.000  1.10498E-10
   26.500  1.03073E-10
   27.000  9.63213E-11
   27.500  9.01654E-11
   28.000  8.45397E-11
   28.500  7.93867E-11
   29.000  7.46568E-11
   29.500  7.03062E-11
   30.000  6.62969E-11
