#     E      f(M1)     Model:  1
    0.001  0.00000E+00
    0.002  1.14112E-12
    0.005  2.85279E-12
    0.010  5.70559E-12
    0.020  1.14112E-11
    0.050  2.85291E-11
    0.100  5.70657E-11
    0.200  1.14190E-10
    0.300  1.71433E-10
    0.400  2.28854E-10
    0.500  2.86513E-10
    0.600  3.44470E-10
    0.700  4.02786E-10
    0.800  4.61525E-10
    0.900  5.20748E-10
    1.000  5.80521E-10
    1.100  6.40908E-10
    1.200  7.01979E-10
    1.300  7.63801E-10
    1.400  8.26445E-10
    1.500  8.89985E-10
    1.600  9.54496E-10
    1.700  1.02006E-09
    1.800  1.08675E-09
    1.900  1.15465E-09
    2.000  1.22385E-09
    2.200  1.36653E-09
    2.400  1.51554E-09
    2.600  1.67174E-09
    2.800  1.83604E-09
    3.000  2.00948E-09
    3.200  2.19318E-09
    3.400  2.38840E-09
    3.600  2.59656E-09
    3.800  2.81924E-09
    4.000  3.05823E-09
    4.500  3.74091E-09
    5.000  4.57860E-09
    5.500  5.62674E-09
    6.000  6.96354E-09
    6.500  8.69998E-09
    7.000  1.09921E-08
    7.500  1.40505E-08
    8.000  1.81263E-08
    8.500  2.34139E-08
    9.000  2.97413E-08
    9.500  3.59744E-08
   10.000  3.97368E-08
   10.500  3.89177E-08
   11.000  3.40359E-08
   11.500  2.75958E-08
   12.000  2.15998E-08
   12.500  1.67774E-08
   13.000  1.31209E-08
   13.500  1.03959E-08
   14.000  8.36063E-09
   14.500  6.82404E-09
   15.000  5.64744E-09
   15.500  4.73291E-09
   16.000  4.01162E-09
   16.500  3.43487E-09
   17.000  2.96779E-09
   17.500  2.58512E-09
   18.000  2.26826E-09
   18.500  2.00335E-09
   19.000  1.77992E-09
   19.500  1.58996E-09
   20.000  1.42726E-09
   21.000  1.16528E-09
   21.500  1.05909E-09
   22.000  9.65954E-10
   22.500  8.83869E-10
   23.000  8.11197E-10
   23.500  7.46588E-10
   24.000  6.88924E-10
   24.500  6.37269E-10
   25.000  5.90841E-10
   25.500  5.48975E-10
   26.000  5.11111E-10
   26.500  4.76768E-10
   27.000  4.45536E-10
   27.500  4.17062E-10
   28.000  3.91040E-10
   28.500  3.67205E-10
   29.000  3.45326E-10
   29.500  3.25203E-10
   30.000  3.06658E-10
