#     E      f(E1)     Model:  9
    0.001  0.00000E+00
    0.002  0.00000E+00
    0.005  0.00000E+00
    0.010  0.00000E+00
    0.020  0.00000E+00
    0.050  0.00000E+00
    0.100  0.00000E+00
    0.200  2.40228E-10
    0.300  2.68118E-10
    0.400  2.97705E-10
    0.500  3.30565E-10
    0.600  3.65546E-10
    0.700  4.02914E-10
    0.800  4.43903E-10
    0.900  4.87448E-10
    1.000  5.33769E-10
    1.100  5.83281E-10
    1.200  6.36632E-10
    1.300  6.92818E-10
    1.400  7.53195E-10
    1.500  8.16015E-10
    1.600  8.83028E-10
    1.700  9.56011E-10
    1.800  1.03502E-09
    1.900  1.11230E-09
    2.000  1.19858E-09
    2.200  1.38633E-09
    2.400  1.58812E-09
    2.600  1.80529E-09
    2.800  2.04319E-09
    3.000  2.29057E-09
    3.200  2.56724E-09
    3.400  2.85850E-09
    3.600  3.18823E-09
    3.800  3.53183E-09
    4.000  3.88935E-09
    4.500  4.90744E-09
    5.000  6.19997E-09
    5.500  7.80982E-09
    6.000  9.70590E-09
    6.500  1.19958E-08
    7.000  1.47020E-08
    7.500  1.79026E-08
    8.000  2.17017E-08
    8.500  2.62988E-08
    9.000  3.19020E-08
    9.500  3.87022E-08
   10.000  4.70029E-08
   10.500  5.72986E-08
   11.000  7.01965E-08
   11.500  8.63990E-08
   12.000  1.07034E-07
   12.500  1.32968E-07
   13.000  1.66015E-07
   13.500  2.07996E-07
   14.000  2.60038E-07
   14.500  3.21015E-07
   15.000  3.85981E-07
   15.500  4.46003E-07
   16.000  4.87030E-07
   16.500  5.00040E-07
   17.000  4.85035E-07
   17.500  4.53983E-07
   18.000  4.21023E-07
   18.500  3.91966E-07
   19.000  3.72970E-07
   19.500  3.57010E-07
   20.000  3.38015E-07
   21.000  2.72008E-07
   22.000  1.98975E-07
   22.500  1.70005E-07
   23.000  1.47020E-07
   23.500  1.28024E-07
   24.000  1.11978E-07
   24.500  9.91407E-08
   25.000  8.84720E-08
   25.500  7.97029E-08
   26.000  7.22001E-08
   26.500  6.57035E-08
   27.000  6.01957E-08
   27.500  5.53991E-08
   28.000  5.12010E-08
   28.500  4.74973E-08
   29.000  4.42013E-08
   29.500  4.13043E-08
   30.000  3.87022E-08
