#     E      f(E1)     Model:  7
    0.001  0.00000E+00
    0.002  0.00000E+00
    0.005  0.00000E+00
    0.010  0.00000E+00
    0.020  0.00000E+00
    0.050  0.00000E+00
    0.100  0.00000E+00
    0.200  1.61017E-09
    0.300  1.39027E-09
    0.400  1.47907E-09
    0.500  1.55097E-09
    0.600  1.62848E-09
    0.700  1.73945E-09
    0.800  1.87111E-09
    0.900  1.99697E-09
    1.000  2.11514E-09
    1.100  2.22749E-09
    1.200  2.33199E-09
    1.300  2.42998E-09
    1.400  2.52040E-09
    1.500  2.60306E-09
    1.600  2.67764E-09
    1.700  2.74975E-09
    1.800  2.81614E-09
    1.900  2.87953E-09
    2.000  2.94031E-09
    2.200  3.08739E-09
    2.400  3.01217E-09
    2.600  2.91028E-09
    2.800  2.80832E-09
    3.000  2.74960E-09
    3.200  2.71438E-09
    3.400  2.70616E-09
    3.600  2.71841E-09
    3.800  2.73778E-09
    4.000  2.97275E-09
    4.500  2.80506E-09
    5.000  2.98636E-09
    5.500  3.25438E-09
    6.000  3.71582E-09
    6.500  4.63784E-09
    7.000  8.41961E-09
    7.500  2.47375E-08
    8.000  4.09660E-08
    8.500  5.29705E-08
    9.000  7.65803E-08
    9.500  5.59109E-08
   10.000  5.19296E-08
   10.500  6.80974E-08
   11.000  1.13019E-07
   11.500  1.85965E-07
   12.000  2.15282E-07
   12.500  1.88827E-07
   13.000  1.92296E-07
   13.500  2.53099E-07
   14.000  3.98645E-07
   14.500  4.79484E-07
   15.000  3.99859E-07
   15.500  3.53975E-07
   16.000  3.53107E-07
   16.500  3.58312E-07
   17.000  3.44607E-07
   17.500  3.27433E-07
   18.000  3.23443E-07
   18.500  3.32030E-07
   19.000  3.44434E-07
   19.500  3.51720E-07
   20.000  3.49812E-07
   21.000  3.26739E-07
   22.000  2.97769E-07
   22.500  2.84325E-07
   23.000  2.71748E-07
   23.500  2.60298E-07
   24.000  2.39655E-07
   24.500  2.21180E-07
   25.000  2.04700E-07
   25.500  1.90128E-07
   26.000  1.77378E-07
   26.500  1.66015E-07
   27.000  1.56127E-07
   27.500  1.47280E-07
   28.000  1.39387E-07
   28.500  1.32361E-07
   29.000  1.26116E-07
   29.500  1.20478E-07
   30.000  1.15361E-07
