#     E      f(E1)     Model:  2
    0.001  0.00000E+00
    0.002  3.07309E-12
    0.005  7.68273E-12
    0.010  1.53655E-11
    0.020  3.07310E-11
    0.050  7.68286E-11
    0.100  1.53665E-10
    0.200  3.07391E-10
    0.300  4.61241E-10
    0.400  6.15276E-10
    0.500  7.69557E-10
    0.600  9.24148E-10
    0.700  1.07911E-09
    0.800  1.23451E-09
    0.900  1.39040E-09
    1.000  1.54686E-09
    1.100  1.70394E-09
    1.200  1.86172E-09
    1.300  2.02025E-09
    1.400  2.17960E-09
    1.500  2.33985E-09
    1.600  2.50105E-09
    1.700  2.66328E-09
    1.800  2.82661E-09
    1.900  2.99111E-09
    2.000  3.15685E-09
    2.200  3.49236E-09
    2.400  3.83374E-09
    2.600  4.18163E-09
    2.800  4.53668E-09
    3.000  4.89959E-09
    3.200  5.27108E-09
    3.400  5.65192E-09
    3.600  6.04291E-09
    3.800  6.44492E-09
    4.000  6.85884E-09
    4.500  7.95223E-09
    5.000  9.14317E-09
    5.500  1.04517E-08
    6.000  1.19020E-08
    6.500  1.35233E-08
    7.000  1.53516E-08
    7.500  1.74318E-08
    8.000  1.98201E-08
    8.500  2.25881E-08
    9.000  2.58281E-08
    9.500  2.96599E-08
   10.000  3.42419E-08
   10.500  3.97857E-08
   11.000  4.65779E-08
   11.500  5.50113E-08
   12.000  6.56306E-08
   12.500  7.91961E-08
   13.000  9.67676E-08
   13.500  1.19795E-07
   14.000  1.50150E-07
   14.500  1.89879E-07
   15.000  2.40129E-07
   15.500  2.98351E-07
   16.000  3.54045E-07
   16.500  3.89064E-07
   17.000  3.91209E-07
   17.500  3.68492E-07
   18.000  3.39617E-07
   18.500  3.13662E-07
   19.000  2.84421E-07
   19.500  2.44307E-07
   20.000  1.98420E-07
   21.000  1.23511E-07
   22.000  7.98178E-08
   22.500  6.57497E-08
   23.000  5.49822E-08
   23.500  4.65959E-08
   24.000  3.99532E-08
   24.500  3.46096E-08
   25.000  3.02508E-08
   25.500  2.66506E-08
   26.000  2.36439E-08
   26.500  2.11078E-08
   27.000  1.89494E-08
   27.500  1.70977E-08
   28.000  1.54976E-08
   28.500  1.41057E-08
   29.000  1.28876E-08
   29.500  1.18158E-08
   30.000  1.08679E-08
