#     E      f(E1)     Model:  3
    0.001  0.00000E+00
    0.002  0.00000E+00
    0.005  0.00000E+00
    0.010  0.00000E+00
    0.020  0.00000E+00
    0.050  0.00000E+00
    0.100  0.00000E+00
    0.200  4.99167E-12
    0.300  1.12325E-11
    0.400  1.99930E-11
    0.500  3.12601E-11
    0.600  4.50599E-11
    0.700  6.14186E-11
    0.800  8.03363E-11
    0.900  1.01829E-10
    1.000  1.25942E-10
    1.100  1.52744E-10
    1.200  1.82148E-10
    1.300  2.14328E-10
    1.400  2.49196E-10
    1.500  2.86927E-10
    1.600  3.27433E-10
    1.700  3.70889E-10
    1.800  4.17206E-10
    1.900  4.66560E-10
    2.000  5.18949E-10
    2.200  6.33269E-10
    2.400  7.60599E-10
    2.600  9.02068E-10
    2.800  1.05733E-09
    3.000  1.22820E-09
    3.200  1.41642E-09
    3.400  1.62112E-09
    3.600  1.84490E-09
    3.800  2.08777E-09
    4.000  2.35318E-09
    4.500  3.12427E-09
    5.000  4.07665E-09
    5.500  5.26149E-09
    6.000  6.74990E-09
    6.500  8.64858E-09
    7.000  1.11284E-08
    7.500  1.44504E-08
    8.000  1.90909E-08
    8.500  2.57957E-08
    9.000  3.54409E-08
    9.500  4.77055E-08
   10.000  6.03431E-08
   10.500  7.25817E-08
   11.000  8.79516E-08
   11.500  1.11631E-07
   12.000  1.47453E-07
   12.500  1.96113E-07
   13.000  2.53186E-07
   13.500  3.20928E-07
   14.000  3.96997E-07
   14.500  4.66126E-07
   15.000  5.12357E-07
   15.500  5.35343E-07
   16.000  5.28230E-07
   16.500  5.22852E-07
   17.000  5.30485E-07
   17.500  5.40634E-07
   18.000  5.34996E-07
   18.500  5.11490E-07
   19.000  4.69249E-07
   19.500  3.99425E-07
   20.000  3.36627E-07
   21.000  2.55702E-07
   22.000  2.04006E-07
   22.500  1.81801E-07
   23.000  1.58122E-07
   23.500  1.35310E-07
   24.000  1.16228E-07
   24.500  1.02523E-07
   25.000  9.41967E-08
   25.500  9.09875E-08
   26.000  8.81250E-08
   26.500  8.12035E-08
   27.000  7.38134E-08
   27.500  6.63540E-08
   28.000  5.89120E-08
   28.500  5.29965E-08
   29.000  4.70203E-08
   29.500  4.12262E-08
   30.000  3.68980E-08
