#     E      f(E1)     Model:  4
    0.001  0.00000E+00
    0.002  0.00000E+00
    0.005  0.00000E+00
    0.010  0.00000E+00
    0.020  0.00000E+00
    0.050  0.00000E+00
    0.100  0.00000E+00
    0.200  3.13729E-10
    0.300  3.37928E-10
    0.400  3.63949E-10
    0.500  3.91792E-10
    0.600  4.21457E-10
    0.700  4.52942E-10
    0.800  4.86336E-10
    0.900  5.21638E-10
    1.000  5.58848E-10
    1.100  5.98054E-10
    1.200  6.39254E-10
    1.300  6.82536E-10
    1.400  7.27987E-10
    1.500  7.75519E-10
    1.600  8.25305E-10
    1.700  8.77781E-10
    1.800  9.31557E-10
    1.900  9.88805E-10
    2.000  1.04865E-09
    2.200  1.17702E-09
    2.400  1.31927E-09
    2.600  1.48147E-09
    2.800  1.68704E-09
    3.000  2.06088E-09
    3.200  2.37660E-09
    3.400  2.65503E-09
    3.600  2.99851E-09
    3.800  3.47556E-09
    4.000  3.88670E-09
    4.500  4.77662E-09
    5.000  5.76196E-09
    5.500  6.92424E-09
    6.000  8.32157E-09
    6.500  1.00268E-08
    7.000  1.21432E-08
    7.500  1.48234E-08
    8.000  1.83276E-08
    8.500  2.30634E-08
    9.000  2.98463E-08
    9.500  4.03155E-08
   10.000  5.76803E-08
   10.500  8.38402E-08
   11.000  1.12065E-07
   11.500  1.38433E-07
   12.000  1.62025E-07
   12.500  1.87006E-07
   13.000  2.15889E-07
   13.500  2.52319E-07
   14.000  2.94126E-07
   14.500  3.38015E-07
   15.000  3.73144E-07
   15.500  3.95349E-07
   16.000  4.15818E-07
   16.500  4.33947E-07
   17.000  4.36982E-07
   17.500  4.30217E-07
   18.000  4.23885E-07
   18.500  4.19462E-07
   19.000  4.13130E-07
   19.500  4.03849E-07
   20.000  3.92313E-07
   21.000  3.53541E-07
   22.000  2.91611E-07
   22.500  2.60125E-07
   23.000  2.31155E-07
   23.500  2.04960E-07
   24.000  1.81281E-07
   24.500  1.60204E-07
   25.000  1.41729E-07
   25.500  1.25769E-07
   26.000  1.12151E-07
   26.500  1.00442E-07
   27.000  9.02935E-08
   27.500  8.14463E-08
   28.000  7.38048E-08
   28.500  6.71867E-08
   29.000  6.14534E-08
   29.500  5.64746E-08
   30.000  5.21031E-08
