#     E      f(E1)     Model:  8
    0.001  1.03470E-09
    0.002  1.03455E-09
    0.005  1.03412E-09
    0.010  1.03340E-09
    0.020  1.03195E-09
    0.050  1.02758E-09
    0.100  1.02023E-09
    0.200  1.01743E-09
    0.300  1.01628E-09
    0.400  1.01989E-09
    0.500  1.02833E-09
    0.600  1.04170E-09
    0.700  1.06001E-09
    0.800  1.08327E-09
    0.900  1.11153E-09
    1.000  1.14487E-09
    1.100  1.18336E-09
    1.200  1.22689E-09
    1.300  1.27563E-09
    1.400  1.32959E-09
    1.500  1.38893E-09
    1.600  1.45375E-09
    1.700  1.52399E-09
    1.800  1.60037E-09
    1.900  1.68126E-09
    2.000  1.76950E-09
    2.200  1.96302E-09
    2.400  2.18319E-09
    2.600  2.42984E-09
    2.800  2.70721E-09
    3.000  3.01612E-09
    3.200  3.35911E-09
    3.400  3.73866E-09
    3.600  4.15795E-09
    3.800  4.61830E-09
    4.000  5.12168E-09
    4.500  6.59189E-09
    5.000  8.39494E-09
    5.500  1.05879E-08
    6.000  1.32245E-08
    6.500  1.64061E-08
    7.000  2.02167E-08
    7.500  2.47845E-08
    8.000  3.02385E-08
    8.500  3.67515E-08
    9.000  4.45140E-08
    9.500  5.37947E-08
   10.000  6.49662E-08
   10.500  7.84625E-08
   11.000  9.48039E-08
   11.500  1.14493E-07
   12.000  1.38086E-07
   12.500  1.66015E-07
   13.000  1.98542E-07
   13.500  2.35665E-07
   14.000  2.76779E-07
   14.500  3.20147E-07
   15.000  3.62128E-07
   15.500  3.97951E-07
   16.000  4.23191E-07
   16.500  4.35421E-07
   17.000  4.35421E-07
   17.500  4.25359E-07
   18.000  4.07926E-07
   18.500  3.85634E-07
   19.000  3.59873E-07
   19.500  3.30642E-07
   20.000  2.98463E-07
   21.000  2.32369E-07
   22.000  1.76597E-07
   22.500  1.54566E-07
   23.000  1.36004E-07
   23.500  1.20565E-07
   24.000  1.07641E-07
   24.500  9.68855E-08
   25.000  8.77781E-08
   25.500  8.00325E-08
   26.000  7.34578E-08
   26.500  6.78285E-08
   27.000  6.29626E-08
   27.500  5.87211E-08
   28.000  5.49741E-08
   28.500  5.16260E-08
   29.000  4.85989E-08
   29.500  4.58667E-08
   30.000  4.33773E-08
