#     E      f(E1)     Model:  5
    0.001  2.78275E-09
    0.002  2.78245E-09
    0.005  2.78155E-09
    0.010  2.78007E-09
    0.020  2.77710E-09
    0.050  2.76832E-09
    0.100  2.75400E-09
    0.200  2.72660E-09
    0.300  2.70082E-09
    0.400  2.67666E-09
    0.500  2.65411E-09
    0.600  2.63316E-09
    0.700  2.61381E-09
    0.800  2.59605E-09
    0.900  2.57988E-09
    1.000  2.56530E-09
    1.100  2.55230E-09
    1.200  2.54089E-09
    1.300  2.53106E-09
    1.400  2.52283E-09
    1.500  2.51619E-09
    1.600  2.51115E-09
    1.700  2.50772E-09
    1.800  2.50591E-09
    1.900  2.50573E-09
    2.000  2.50718E-09
    2.200  2.51504E-09
    2.400  2.52961E-09
    2.600  2.55104E-09
    2.800  2.57949E-09
    3.000  2.61514E-09
    3.200  2.65822E-09
    3.400  2.70898E-09
    3.600  2.76768E-09
    3.800  2.83464E-09
    4.000  2.91021E-09
    4.500  3.13942E-09
    5.000  3.43218E-09
    5.500  3.79774E-09
    6.000  4.24791E-09
    6.500  4.79774E-09
    7.000  5.46649E-09
    7.500  6.27894E-09
    8.000  7.26724E-09
    8.500  8.47351E-09
    9.000  9.95357E-09
    9.500  1.18730E-08
   10.000  1.44969E-08
   10.500  1.77866E-08
   11.000  2.19651E-08
   11.500  2.73514E-08
   12.000  3.44109E-08
   12.500  4.38357E-08
   13.000  5.66715E-08
   13.500  7.45133E-08
   14.000  9.97673E-08
   14.500  1.35849E-07
   15.000  1.86664E-07
   15.500  2.53319E-07
   16.000  3.25148E-07
   16.500  3.72932E-07
   17.000  3.72778E-07
   17.500  3.40188E-07
   18.000  3.07871E-07
   18.500  2.88320E-07
   19.000  2.67097E-07
   19.500  2.28010E-07
   20.000  1.80594E-07
   21.000  1.09452E-07
   22.000  7.17475E-08
   22.500  5.99668E-08
   23.000  5.09970E-08
   23.500  4.40076E-08
   24.000  3.84484E-08
   24.500  3.39470E-08
   25.000  3.02450E-08
   25.500  2.71589E-08
   26.000  2.45556E-08
   26.500  2.23364E-08
   27.000  2.04271E-08
   27.500  1.87707E-08
   28.000  1.73230E-08
   28.500  1.60492E-08
   29.000  1.49216E-08
   29.500  1.39178E-08
   30.000  1.30198E-08
