#     E      f(M1)     Model:  1
    0.001  0.00000E+00
    0.002  1.13761E-12
    0.005  2.84403E-12
    0.010  5.68807E-12
    0.020  1.13762E-11
    0.050  2.84415E-11
    0.100  5.68905E-11
    0.200  1.13840E-10
    0.300  1.70910E-10
    0.400  2.28158E-10
    0.500  2.85645E-10
    0.600  3.43433E-10
    0.700  4.01583E-10
    0.800  4.60158E-10
    0.900  5.19221E-10
    1.000  5.78837E-10
    1.100  6.39073E-10
    1.200  6.99996E-10
    1.300  7.61676E-10
    1.400  8.24185E-10
    1.500  8.87596E-10
    1.600  9.51985E-10
    1.700  1.01743E-09
    1.800  1.08402E-09
    1.900  1.15183E-09
    2.000  1.22095E-09
    2.200  1.36349E-09
    2.400  1.51242E-09
    2.600  1.66860E-09
    2.800  1.83297E-09
    3.000  2.00655E-09
    3.200  2.19050E-09
    3.400  2.38610E-09
    3.600  2.59478E-09
    3.800  2.81815E-09
    4.000  3.05801E-09
    4.500  3.74400E-09
    5.000  4.58719E-09
    5.500  5.64413E-09
    6.000  6.99465E-09
    6.500  8.75202E-09
    7.000  1.10751E-08
    7.500  1.41764E-08
    8.000  1.83035E-08
    8.500  2.36273E-08
    9.000  2.99058E-08
    9.500  3.58835E-08
   10.000  3.91419E-08
   10.500  3.78088E-08
   11.000  3.27148E-08
   11.500  2.63709E-08
   12.000  2.06001E-08
   12.500  1.60043E-08
   13.000  1.25316E-08
   13.500  9.94479E-09
   14.000  8.01101E-09
   14.500  6.54892E-09
   15.000  5.42750E-09
   15.500  4.55443E-09
   16.000  3.86476E-09
   16.500  3.31248E-09
   17.000  2.86463E-09
   17.500  2.49727E-09
   18.000  2.19276E-09
   18.500  1.93791E-09
   19.000  1.72278E-09
   19.500  1.53972E-09
   20.000  1.38281E-09
   21.000  1.12991E-09
   22.000  9.37280E-10
   22.500  8.57889E-10
   23.000  7.87570E-10
   23.500  7.25028E-10
   24.000  6.69186E-10
   24.500  6.19147E-10
   25.000  5.74155E-10
   25.500  5.33573E-10
   26.000  4.96858E-10
   26.500  4.63550E-10
   27.000  4.33251E-10
   27.500  4.05620E-10
   28.000  3.80363E-10
   28.500  3.57225E-10
   29.000  3.35981E-10
   29.500  3.16438E-10
   30.000  2.98424E-10
