#     E      f(M1)     Model:  2
    0.001  0.00000E+00
    0.002  1.21077E-13
    0.005  3.02692E-13
    0.010  6.05385E-13
    0.020  1.21078E-12
    0.050  3.02705E-12
    0.100  6.05489E-12
    0.200  1.21161E-11
    0.300  1.81900E-11
    0.400  2.42830E-11
    0.500  3.04014E-11
    0.600  3.65518E-11
    0.700  4.27408E-11
    0.800  4.89749E-11
    0.900  5.52610E-11
    1.000  6.16060E-11
    1.100  6.80169E-11
    1.200  7.45010E-11
    1.300  8.10657E-11
    1.400  8.77185E-11
    1.500  9.44674E-11
    1.600  1.01320E-10
    1.700  1.08286E-10
    1.800  1.15373E-10
    1.900  1.22590E-10
    2.000  1.29946E-10
    2.200  1.45117E-10
    2.400  1.60968E-10
    2.600  1.77591E-10
    2.800  1.95084E-10
    3.000  2.13559E-10
    3.200  2.33137E-10
    3.400  2.53954E-10
    3.600  2.76164E-10
    3.800  2.99937E-10
    4.000  3.25466E-10
    4.500  3.98476E-10
    5.000  4.88218E-10
    5.500  6.00709E-10
    6.000  7.44446E-10
    6.500  9.31484E-10
    7.000  1.17873E-09
    7.500  1.50881E-09
    8.000  1.94806E-09
    8.500  2.51467E-09
    9.000  3.18289E-09
    9.500  3.81911E-09
   10.000  4.16590E-09
   10.500  4.02402E-09
   11.000  3.48186E-09
   11.500  2.80667E-09
   12.000  2.19248E-09
   12.500  1.70334E-09
   13.000  1.33375E-09
   13.500  1.05843E-09
   14.000  8.52618E-10
   14.500  6.97006E-10
   15.000  5.77653E-10
   15.500  4.84731E-10
   16.000  4.11328E-10
   16.500  3.52549E-10
   17.000  3.04885E-10
   17.500  2.65786E-10
   18.000  2.33377E-10
   18.500  2.06253E-10
   19.000  1.83356E-10
   19.500  1.63873E-10
   20.000  1.47174E-10
   21.000  1.20257E-10
   22.000  9.97553E-11
   22.500  9.13057E-11
   23.000  8.38216E-11
   23.500  7.71652E-11
   24.000  7.12220E-11
   24.500  6.58963E-11
   25.000  6.11077E-11
   25.500  5.67885E-11
   26.000  5.28810E-11
   26.500  4.93359E-11
   27.000  4.61112E-11
   27.500  4.31704E-11
   28.000  4.04823E-11
   28.500  3.80197E-11
   29.000  3.57587E-11
   29.500  3.36787E-11
   30.000  3.17615E-11
