0.002	1.698137e-08
0.005	1.695488e-08
0.01	1.691103e-08
0.02	1.682366e-08
0.05	1.656588e-08
0.1	1.614988e-08
0.2	1.536681e-08
0.3	1.464516e-08
0.4	1.3980659999999999e-08
0.5	1.336937e-08
0.6	1.2807710000000001e-08
0.7000000000000001	1.229239e-08
0.8	1.1820420000000001e-08
0.9	1.138909e-08
1.0	1.0995929999999999e-08
1.1	1.063877e-08
1.2	1.031568e-08
1.3	1.002493e-08
1.4000000000000001	9.76512e-09
1.5	9.53505e-09
1.6	9.59149e-09
1.7	9.82035e-09
1.8	1.007577e-08
1.9000000000000001	1.035789e-08
2.0	1.066717e-08
2.2	1.137085e-08
2.4	1.21967e-08
2.6	1.315304e-08
2.8000000000000003	1.422473e-08
3.0	1.53298e-08
3.2	1.630473e-08
3.4	1.703249e-08
3.6	1.758927e-08
3.8000000000000003	1.814271e-08
4.0	1.9250430000000002e-08
4.5	2.241681e-08
5.0	2.59223e-08
5.5	2.985634e-08
6.0	3.433694e-08
6.5	3.9521379999999996e-08
7.0	4.5620800000000004e-08
7.5	5.2911300000000006e-08
8.0	6.17224e-08
8.5	8.979399999999999e-08
9.0	9.1984e-08
9.5	9.7852e-08
10.0	1.095425e-07
10.5	1.232958e-07
11.0	1.5598890000000002e-07
11.5	2.124328e-07
12.0	2.415658e-07
12.5	2.193954e-07
13.0	2.893789e-07
13.5	3.892639e-07
14.0	4.7665563e-07
14.5	4.9515504e-07
15.0	5.0083044e-07
15.5	5.1691691e-07
16.0	4.8869962e-07
16.5	4.8742887e-07
17.0	5.2436079e-07
17.5	5.4195412e-07
18.0	5.2500026e-07
18.5	5.0299735e-07
19.0	4.7475892e-07
19.5	4.3154696e-07
20.0	4.0336726e-07
21.0	3.5253827999999996e-07
21.5	3.1912509e-07
22.0	2.9526595399999996e-07
22.5	2.83560869e-07
23.0	2.72385197e-07
23.5	2.61825588e-07
24.0	2.43466924e-07
24.5	2.24853269e-07
25.0	2.0815284099999998e-07
25.5	1.93278975e-07
26.0	1.80144111e-07
26.5	1.68573768e-07
27.0	1.5822053599999998e-07
27.5	1.4917106200000002e-07
28.0	1.4099204e-07
28.5	1.33769205e-07
29.0	1.27328326e-07
29.5	1.21497203e-07
30.0	1.16187658e-07
30.0	3.3939235e-08
29.5	3.68549701e-08
29.0	4.0135475000000004e-08
28.5	4.38413781e-08
28.0	4.80457116e-08
27.5	5.28370121e-08
27.0	5.8322921400000004e-08
26.5	6.4635587e-08
26.0	7.18188636e-08
25.5	7.909311400000001e-08
25.0	8.7569511e-08
24.5	9.7518038e-08
24.0	1.09282093e-07
23.5	1.23297791e-07
23.0	1.40121567e-07
22.5	1.60450579e-07
22.0	1.85142015e-07
21.5	2.130381e-07
21.0	2.41939105e-07
20.0	3.07033249e-07
19.5	3.3013027100000004e-07
19.0	3.19664024e-07
18.5	3.07120255e-07
18.0	3.01086906e-07
17.5	3.0867816999999996e-07
17.0	3.28854578e-07
16.5	3.44357116e-07
16.0	3.1331239100000004e-07
15.5	2.54140865e-07
15.0	2.04522206e-07
14.5	1.64526787e-07
14.0	1.3288843000000002e-07
13.5	1.0803653e-07
13.0	8.853532e-08
12.5	7.321627e-08
12.0	6.027495e-08
11.5	4.8714969999999994e-08
11.0	4.008103e-08
10.5	3.377679e-08
10.0	2.928967e-08
9.5	2.5621569999999998e-08
9.0	2.053032e-08
8.5	1.6168e-08
8.0	1.262468e-08
7.5	9.8179e-09
7.0	7.612630000000001e-09
6.5	5.88154e-09
6.0	4.52132e-09
5.5	3.84445e-09
5.0	3.519126e-09
4.5	3.335543e-09
4.0	3.0369039999999998e-09
3.8000000000000003	2.720687e-09
3.6	2.428806e-09
3.4	2.159153e-09
3.2	1.9113870000000002e-09
3.0	1.6825830000000001e-09
2.8000000000000003	1.472478e-09
2.6	1.279096e-09
2.4	1.102472e-09
2.2	9.41017e-10
2.0	7.94032e-10
1.9000000000000001	7.25727e-10
1.8	6.60826e-10
1.7	5.99136e-10
1.6	5.40726e-10
1.5	4.85492e-10
1.4000000000000001	4.33332e-10
1.3	3.8413899999999997e-10
1.2	3.3798699999999996e-10
1.1	2.94686e-10
1.0	2.54309e-10
0.9	2.16752e-10
0.8	1.819354e-10
0.7000000000000001	1.498943e-10
0.6	1.2057229999999999e-10
0.5	9.39218e-11
0.4	6.992910000000001e-11
0.3	4.85552e-11
0.2	2.97941e-11
0.1	1.23371e-11
0.05	6.16777e-12
0.02	2.46702e-12
0.01	1.2335e-12
0.005	6.1675e-13
0.002	2.467e-13
