0.002	1.6423209999999998e-08
0.005	1.6396999999999998e-08
0.01	1.635328e-08
0.02	1.626649e-08
0.05	1.601016e-08
0.1	1.5596870000000002e-08
0.2	1.4819569999999998e-08
0.3	1.410429e-08
0.4	1.3446759999999999e-08
0.5	1.284306e-08
0.6	1.228963e-08
0.7000000000000001	1.178317e-08
0.8	1.1320739999999999e-08
0.9	1.089962e-08
1.0	1.051739e-08
1.1	1.01719e-08
1.2	9.86126e-09
1.3	9.5838e-09
1.4000000000000001	9.66998e-09
1.5	9.88112e-09
1.6	1.012043e-08
1.7	1.038752e-08
1.8	1.068232e-08
1.9000000000000001	1.100511e-08
2.0	1.135651e-08
2.2	1.214951e-08
2.4	1.307248e-08
2.6	1.413389e-08
2.8000000000000003	1.53148e-08
3.0	1.652205e-08
3.2	1.758137e-08
3.4	1.838371e-08
3.6	1.902444e-08
3.8000000000000003	1.967865e-08
4.0	2.078413e-08
4.5	2.4284529999999998e-08
5.0	2.818801e-08
5.5	3.260059e-08
6.0	3.766112e-08
6.5	4.355386e-08
7.0	5.05228e-08
7.5	5.88795e-08
8.0	7.19978e-08
8.5	8.10767e-08
9.0	9.495769999999999e-08
9.5	1.093498e-07
10.0	1.266469e-07
10.5	1.42625e-07
11.0	1.632656e-07
11.5	2.227417e-07
12.0	2.386604e-07
12.5	2.652747e-07
13.0	3.1270220000000003e-07
13.5	3.5945823e-07
14.0	4.8633801e-07
14.5	4.8882704e-07
15.0	5.1382622e-07
15.5	5.605601600000001e-07
16.0	5.8794384e-07
16.5	5.9238009e-07
17.0	5.756603e-07
17.5	5.4340192e-07
18.0	5.04348e-07
18.5	4.7930562e-07
19.0	4.5455872999999996e-07
19.5	4.3634738e-07
20.0	4.1894015000000003e-07
21.0	3.5885503e-07
22.0	3.03683781e-07
23.0	2.75267433e-07
23.5	2.55518729e-07
24.0	2.35343277e-07
24.5	2.17428242e-07
25.0	2.01686924e-07
25.5	1.87770732e-07
26.0	1.7559216e-07
26.5	1.64805779e-07
27.0	1.5532322e-07
27.5	1.46883164e-07
28.0	1.39400337e-07
28.5	1.32699499e-07
29.0	1.26694442e-07
29.5	1.2121198399999998e-07
30.0	1.16250964e-07
30.0	2.17381667e-08
29.5	2.34238184e-08
29.0	2.52983485e-08
28.5	2.7389686400000002e-08
28.0	2.97311652e-08
27.5	3.23623226e-08
27.0	3.53304014e-08
26.5	3.8692350700000004e-08
26.0	4.25167264e-08
25.5	4.6886893000000004e-08
25.0	5.1904225e-08
24.5	5.7692609e-08
24.0	6.4404145e-08
23.5	7.142355e-08
23.0	7.9281563e-08
22.0	9.9481288e-08
21.0	1.2823582700000002e-07
20.0	1.6556413699999998e-07
19.5	1.8810284400000002e-07
19.0	2.15089362e-07
18.5	2.4715044900000003e-07
18.0	2.8445106e-07
17.5	3.25950403e-07
17.0	3.57925026e-07
16.5	3.74470933e-07
16.0	3.77236748e-07
15.5	3.50961955e-07
15.0	3.04402235e-07
14.5	2.54168971e-07
14.0	2.0745797999999998e-07
13.5	1.6755263e-07
13.0	1.3503738e-07
12.5	1.0920813e-07
12.0	8.896402999999999e-08
11.5	7.323295999999999e-08
11.0	6.098976e-08
10.5	4.9309110000000004e-08
10.0	4.08953e-08
9.5	3.478643e-08
9.0	2.890572e-08
8.5	2.257903e-08
8.0	1.746562e-08
7.5	1.3449710000000002e-08
7.0	1.032917e-08
6.5	6.9580499999999996e-09
6.0	5.36716e-09
5.5	4.76316e-09
5.0	4.18033e-09
4.5	3.67108e-09
4.0	3.4896500000000002e-09
3.8000000000000003	3.217219e-09
3.6	3.126537e-09
3.4	3.051331e-09
3.2	2.986421e-09
3.0	2.630754e-09
2.8000000000000003	2.289984e-09
2.6	2.0420340000000003e-09
2.4	1.759975e-09
2.2	1.492982e-09
2.0	1.252095e-09
1.9000000000000001	1.139978e-09
1.8	1.03413e-09
1.7	9.340060000000001e-10
1.6	8.39323e-10
1.5	7.50143e-10
1.4000000000000001	6.66184e-10
1.3	5.8751e-10
1.2	5.138410000000001e-10
1.1	4.45244e-10
1.0	3.8152399999999997e-10
0.9	3.22577e-10
0.8	2.6847e-10
0.7000000000000001	2.19012e-10
0.6	1.7421780000000002e-10
0.5	1.339849e-10
0.4	9.82778e-11
0.3	6.70617e-11
0.2	4.029359e-11
0.1	1.57626e-11
0.05	7.88023e-12
0.02	3.15197e-12
0.01	1.57598e-12
0.005	7.87988e-13
0.002	3.15195e-13
