Energy	E1_1 M1_1	E1_1 M1_2	E1_1 M1_3	E1_2 M1_1	E1_2 M1_2	E1_2 M1_3	E1_3 M1_1	E1_3 M1_2	E1_3 M1_3	E1_4 M1_1	E1_4 M1_2	E1_4 M1_3	E1_5 M1_1	E1_5 M1_2	E1_5 M1_3	E1_6 M1_1	E1_6 M1_2	E1_6 M1_3	E1_7 M1_1	E1_7 M1_2	E1_7 M1_3	E1_8 M1_1	E1_8 M1_2	E1_8 M1_3	E1_9 M1_1	E1_9 M1_2	E1_9 M1_3
2.0	4.26003112e-09	4.2591367e-09	1.478449e-08	8.52897e-12	7.63455e-12	1.053298785e-08	1.14112e-12	2.467e-13	1.05256e-08	1.14112e-12	2.467e-13	1.05256e-08	6.456911120000001e-09	6.4560167e-09	1.698137e-08	1.14112e-12	2.467e-13	1.05256e-08	1.14112e-12	2.467e-13	1.05256e-08	8.4626112e-10	8.453666999999999e-10	1.137072e-08	1.14112e-12	2.467e-13	1.05256e-08
5.0	4.26055279e-09	4.25831675e-09	1.4759e-08	2.132239e-11	1.9086350000000002e-11	1.05197696e-08	2.85279e-12	6.1675e-13	1.05013e-08	2.85279e-12	6.1675e-13	1.05013e-08	6.45643279e-09	6.45419675e-09	1.695488e-08	2.85279e-12	6.1675e-13	1.05013e-08	2.85279e-12	6.1675e-13	1.05013e-08	8.4756679e-10	8.4533075e-10	1.1346014e-08	2.85279e-12	6.1675e-13	1.05013e-08
10.0	4.26143559e-09	4.2569635000000004e-09	1.471683e-08	4.264489e-11	3.81728e-11	1.04980393e-08	5.70559e-12	1.2335e-12	1.04611e-08	5.70559e-12	1.2335e-12	1.04611e-08	6.45563559e-09	6.4511635e-09	1.691103e-08	5.70559e-12	1.2335e-12	1.04611e-08	5.70559e-12	1.2335e-12	1.04611e-08	8.4974159e-10	8.452695e-10	1.1305136000000001e-08	5.70559e-12	1.2335e-12	1.04611e-08
20.0	4.2631812e-09	4.25423702e-09	1.463277e-08	8.528989999999999e-11	7.634572e-11	1.0454878700000001e-08	1.14112e-11	2.46702e-12	1.0381e-08	1.14112e-11	2.46702e-12	1.0381e-08	6.4540712e-09	6.4451270200000004e-09	1.682366e-08	1.14112e-11	2.46702e-12	1.0381e-08	1.14112e-11	2.46702e-12	1.0381e-08	8.540892e-10	8.4514502e-10	1.1223678e-08	1.14112e-11	2.46702e-12	1.0381e-08
50.0	4.2683691e-09	4.24600777e-09	1.438464e-08	2.132281e-10	1.9086677000000002e-10	1.0329499e-08	2.85291e-11	6.16777e-12	1.01448e-08	2.85291e-11	6.16777e-12	1.01448e-08	6.4496091e-09	6.42724777e-09	1.656588e-08	2.85291e-11	6.16777e-12	1.01448e-08	2.85291e-11	6.16777e-12	1.01448e-08	8.671181e-10	8.4475677e-10	1.0983389e-08	2.85291e-11	6.16777e-12	1.01448e-08
100.0	4.2767857e-09	4.2320571e-09	1.398377e-08	4.264787e-10	3.817501e-10	1.0133463e-08	5.70657e-11	1.23371e-11	9.76405e-09	5.70657e-11	1.23371e-11	9.76405e-09	6.4428957e-09	6.3981671e-09	1.614988e-08	5.70657e-11	1.23371e-11	9.76405e-09	5.70657e-11	1.23371e-11	9.76405e-09	8.887826999999999e-10	8.440541e-10	1.0595767e-08	5.70657e-11	1.23371e-11	9.76405e-09
200.0	4.2929e-09	4.203397e-09	1.322748e-08	8.53141e-10	7.63638e-10	9.787721e-09	1.192971e-10	2.97941e-11	9.0538771e-09	4.16123e-10	3.2662e-10	9.350703e-09	6.43223e-09	6.342727e-09	1.536681e-08	5.51664e-09	5.427136999999999e-09	1.4451219999999999e-08	2.18982e-09	2.1003170000000003e-09	1.11244e-08	9.443289999999999e-10	8.54826e-10	9.878909e-09	4.37314e-10	3.47811e-10	9.371894e-09
300.0	4.308153e-09	4.1737825e-09	1.252805e-08	1.280173e-09	1.1458025e-09	9.50007e-09	1.829257e-10	4.85552e-11	8.4028227e-09	4.96697e-10	3.623265e-10	8.716594e-09	6.425263e-09	6.2908924999999995e-09	1.464516e-08	4.100853e-09	3.9664825e-09	1.232075e-08	1.932013e-09	1.7976425e-09	1.015191e-08	1.002263e-09	8.678925000000001e-10	9.22216e-09	5.24177e-10	3.898065e-10	8.744074e-09
400.0	4.322664e-09	4.1432864e-09	1.1881289999999999e-08	1.7077539999999998e-09	1.5283764e-09	9.26638e-09	2.493067e-10	6.992910000000001e-11	7.8079327e-09	5.79099e-10	3.997214e-10	8.137725e-09	6.422034e-09	6.2426564e-09	1.3980659999999999e-08	3.441934e-09	3.2625563999999996e-09	1.1000559999999999e-08	1.839464e-09	1.6600864e-09	9.39809e-09	1.065776e-09	8.863984e-10	8.624401999999999e-09	6.14158e-10	4.347804e-10	8.172784e-09
500.0	4.3365929999999995e-09	4.112021799999999e-09	1.128339e-08	2.136073e-09	1.9115018e-09	9.08287e-09	3.1849300000000003e-10	9.39218e-11	7.26529e-09	6.635599999999999e-10	4.389888e-10	7.610357e-09	6.422572999999999e-09	6.198001799999999e-09	1.336937e-08	3.0866729999999998e-09	2.8621018e-09	1.0033469999999999e-08	1.821803e-09	1.5972318e-09	8.768599999999999e-09	1.1349540000000001e-09	9.103828e-10	8.081751e-09	7.0587e-10	4.812988e-10	7.652667e-09
600.0	4.350059999999999e-09	4.0800616e-09	1.073083e-08	2.56531e-09	2.2953116e-09	8.94608e-09	3.905707e-10	1.2057229999999999e-10	6.7713407e-09	7.50053e-10	4.800546e-10	7.130823e-09	6.42694e-09	6.1569416000000006e-09	1.2807710000000001e-08	2.8849600000000003e-09	2.6149616000000003e-09	9.26573e-09	1.8426799999999999e-09	1.5726815999999999e-09	8.22345e-09	1.2099e-09	9.399016e-10	7.59067e-09	8.000739999999999e-10	5.300755999999999e-10	7.180844e-09
700.0	4.363206e-09	4.0474992e-09	1.022042e-08	2.995656e-09	2.6799491999999998e-09	8.85287e-09	4.6560109999999996e-10	1.498943e-10	6.3228151e-09	8.38641e-10	5.229342e-10	6.695855e-09	6.435176e-09	6.1194692e-09	1.229239e-08	2.770156e-09	2.4544491999999997e-09	8.62737e-09	1.8867160000000002e-09	1.5710092e-09	7.74393e-09	1.2907130000000001e-09	9.750062e-10	7.1479270000000004e-09	8.97783e-10	5.820762e-10	6.754997000000001e-09
800.0	4.376175e-09	4.0144279e-09	9.74926e-09	3.4273050000000003e-09	3.0655579e-09	8.800390000000001e-09	5.436825e-10	1.819354e-10	5.9167675000000005e-09	9.29473e-10	5.677259e-10	6.302558e-09	6.447335e-09	6.0855879e-09	1.1820420000000001e-08	2.7113350000000003e-09	2.3495879e-09	8.08442e-09	1.946465e-09	1.5847179e-09	7.319550000000001e-09	1.377372e-09	1.0156249e-09	6.750457e-09	9.970310000000001e-10	6.352839e-10	6.370116000000001e-09
900.0	4.389098e-09	3.9809310000000005e-09	9.314720000000001e-09	3.860438e-09	3.452271e-09	8.78606e-09	6.249189999999999e-10	2.16752e-10	5.5505410000000005e-09	1.02261e-09	6.144429999999999e-10	5.948232e-09	6.463468e-09	6.055301e-09	1.138909e-08	2.689418e-09	2.281251e-09	7.61504e-09	2.016718e-09	1.608551e-09	6.94234e-09	1.4701870000000001e-09	1.06202e-09	6.395809e-09	1.100815e-09	6.926480000000001e-10	6.026437e-09
1000.0	4.402121e-09	3.947104e-09	8.914430000000001e-09	4.295261e-09	3.840244e-09	8.80757e-09	7.09326e-10	2.54309e-10	5.221635e-09	1.118119e-09	6.631019999999999e-10	5.630428e-09	6.4836209999999995e-09	6.028603999999999e-09	1.0995929999999999e-08	2.6923109999999997e-09	2.237294e-09	7.20462e-09	2.092071e-09	1.637054e-09	6.60438e-09	1.569038e-09	1.1140210000000002e-09	6.081347e-09	1.206017e-09	7.51e-10	5.718326e-09
1100.0	4.415368e-09	3.9130189999999995e-09	8.54627e-09	4.7319480000000006e-09	4.229599e-09	8.86285e-09	7.97035e-10	2.94686e-10	4.927937e-09	1.21615e-09	7.13801e-10	5.347052e-09	6.507868e-09	6.005519e-09	1.063877e-08	2.7143379999999997e-09	2.211989e-09	6.84524e-09	2.172258e-09	1.6699090000000002e-09	6.30316e-09	1.674158e-09	1.171809e-09	5.805060000000001e-09	1.315917e-09	8.13568e-10	5.446819e-09
1200.0	4.428999e-09	3.8787819999999995e-09	8.2084e-09	5.170719e-09	4.620502e-09	8.95012e-09	8.882039999999999e-10	3.3798699999999996e-10	4.667605e-09	1.316773e-09	7.665560000000001e-10	5.096174e-09	6.536279e-09	5.986062e-09	1.031568e-08	2.752549e-09	2.202332e-09	6.53195e-09	2.2580189999999997e-09	1.7078019999999998e-09	6.03742e-09	1.785599e-09	1.235382e-09	5.5650000000000005e-09	1.4288280000000001e-09	8.78611e-10	5.2082290000000004e-09
1300.0	4.443151e-09	3.844477e-09	7.899180000000001e-09	5.611761e-09	5.013087e-09	9.067790000000001e-09	9.82813e-10	3.8413899999999997e-10	4.438842e-09	1.420141e-09	8.21467e-10	4.8761700000000005e-09	6.568901e-09	5.970227e-09	1.002493e-08	2.803881e-09	2.205207e-09	6.2599100000000006e-09	2.348051e-09	1.7493769999999999e-09	5.80408e-09	1.903621e-09	1.304947e-09	5.359650000000001e-09	1.5457350000000001e-09	9.470610000000001e-10	5.001764e-09
1400.0	4.4579750000000004e-09	3.810201e-09	7.61726e-09	6.0552749999999994e-09	5.407500999999999e-09	9.214559999999999e-09	1.081106e-09	4.33332e-10	4.240391e-09	1.526241e-09	8.784669999999999e-10	4.685526e-09	6.605835e-09	5.958061e-09	9.76512e-09	2.865865e-09	2.218091e-09	6.02515e-09	2.440905e-09	1.793131e-09	5.60019e-09	2.028205e-09	1.380431e-09	5.18749e-09	1.666126e-09	1.0183520000000001e-09	4.8254110000000005e-09
1500.0	4.473615e-09	3.7760369999999996e-09	7.361530000000001e-09	6.501475e-09	5.803897e-09	9.38939e-09	1.18307e-09	4.85492e-10	4.070985000000001e-09	1.635319e-09	9.37741e-10	4.523234e-09	6.647135e-09	5.949557e-09	9.53505e-09	2.937545e-09	2.239967e-09	5.82546e-09	2.5378550000000002e-09	1.840277e-09	5.42577e-09	2.159595e-09	1.462017e-09	5.04751e-09	1.7915519999999999e-09	1.093974e-09	4.679467e-09
1600.0	4.490216e-09	3.742074e-09	7.1311399999999994e-09	6.950566e-09	6.202424e-09	9.59149e-09	1.2888679999999999e-09	5.40726e-10	3.929792e-09	1.747536e-09	9.99394e-10	4.38846e-09	6.692896e-09	5.944754e-09	9.33382e-09	3.0165559999999997e-09	2.2684139999999996e-09	5.65748e-09	2.638976e-09	1.890834e-09	5.2798999999999995e-09	2.297976e-09	1.549834e-09	4.9389e-09	1.91937e-09	1.171228e-09	4.560294e-09
1700.0	4.50795e-09	3.708418e-09	6.92553e-09	7.4027700000000005e-09	6.603238e-09	9.82035e-09	1.398668e-09	5.99136e-10	3.8162480000000005e-09	1.8628870000000002e-09	1.063355e-09	4.280467e-09	6.74321e-09	5.943678e-09	9.160790000000001e-09	3.10263e-09	2.3030980000000002e-09	5.52021e-09	2.74561e-09	1.9460779999999997e-09	5.16319e-09	2.4434500000000003e-09	1.643918e-09	4.86103e-09	2.05677e-09	1.257238e-09	4.47435e-09
1800.0	4.52697e-09	3.675166e-09	6.74444e-09	7.8583e-09	7.006496e-09	1.007577e-08	1.51263e-09	6.60826e-10	3.7301e-09	1.981878e-09	1.130074e-09	4.199348e-09	6.79816e-09	5.946356e-09	9.01563e-09	3.1956199999999998e-09	2.343816e-09	5.41309e-09	2.86045e-09	2.008646e-09	5.07792e-09	2.59672e-09	1.744916e-09	4.81419e-09	2.19687e-09	1.3450660000000002e-09	4.41434e-09
1900.0	4.54742e-09	3.642396e-09	6.58793e-09	8.31738e-09	7.412356e-09	1.035789e-08	1.6307509999999999e-09	7.25727e-10	3.671261e-09	2.1044239999999997e-09	1.1994e-09	4.144934e-09	6.8578499999999994e-09	5.9528259999999996e-09	8.89836e-09	3.29456e-09	2.389536e-09	5.33507e-09	2.9884999999999998e-09	2.083476e-09	5.02901e-09	2.75695e-09	1.851926e-09	4.79746e-09	2.34075e-09	1.4357260000000001e-09	4.38126e-09
2000.0	4.56948e-09	3.6102170000000003e-09	6.45641e-09	8.78024e-09	7.820977e-09	1.066717e-08	1.7532950000000002e-09	7.94032e-10	3.640225e-09	2.23e-09	1.270737e-09	4.11693e-09	6.92237e-09	5.963107e-09	8.8093e-09	3.39933e-09	2.440067e-09	5.28626e-09	3.13776e-09	2.178497e-09	5.02469e-09	2.92515e-09	1.965887e-09	4.812079999999999e-09	2.48609e-09	1.526827e-09	4.37302e-09
2200.0	4.61912e-09	3.5480219999999997e-09	6.27172e-09	9.71825e-09	8.647152e-09	1.137085e-08	2.012115e-09	9.41017e-10	3.664715e-09	2.49411e-09	1.4230119999999998e-09	4.14671e-09	7.06642e-09	5.995322e-09	8.71902e-09	3.6246400000000004e-09	2.553542e-09	5.27724e-09	3.40129e-09	2.330192e-09	5.05389e-09	3.2860000000000004e-09	2.214902e-09	4.9386e-09	2.79824e-09	1.7271420000000001e-09	4.45084e-09
2400.0	4.67729e-09	3.489398e-09	6.19971e-09	1.067428e-08	9.486388e-09	1.21967e-08	2.290364e-09	1.102472e-09	3.812784e-09	2.7767e-09	1.588808e-09	4.29912e-09	7.23123e-09	6.043338e-09	8.753650000000001e-09	3.872589999999999e-09	2.684698e-09	5.3950099999999996e-09	3.5497e-09	2.361808e-09	5.07212e-09	3.68135e-09	2.493458e-09	5.20377e-09	3.1327e-09	1.9448080000000002e-09	4.65512e-09
2600.0	4.74552e-09	3.4351960000000003e-09	6.2481600000000005e-09	1.16504e-08	1.0340076e-08	1.315304e-08	2.58942e-09	1.279096e-09	4.09206e-09	3.08035e-09	1.770026e-09	4.58299e-09	7.41792e-09	6.107596e-09	8.92056e-09	4.14499e-09	2.834666e-09	5.64763e-09	3.6971000000000004e-09	2.3867760000000003e-09	5.19974e-09	4.11435e-09	2.8040260000000003e-09	5.61699e-09	3.4909400000000004e-09	2.1806160000000002e-09	4.99358e-09
2800.0	4.8254e-09	3.386298e-09	6.40139e-09	1.264874e-08	1.1209638e-08	1.422473e-08	2.91158e-09	1.472478e-09	4.48757e-09	3.41292e-09	1.973818e-09	4.98891e-09	7.62765e-09	6.188548e-09	9.203639999999999e-09	4.44945e-09	3.010348e-09	6.02544e-09	3.82433e-09	2.385228e-09	5.40032e-09	4.58742e-09	3.148318e-09	6.16341e-09	3.87187e-09	2.432768e-09	5.44786e-09
3000.0	4.9187099999999994e-09	3.3436629999999997e-09	6.57673e-09	1.3671780000000001e-08	1.2096733e-08	1.53298e-08	3.25763e-09	1.6825830000000001e-09	4.91565e-09	3.80061e-09	2.225563e-09	5.45863e-09	7.86182e-09	6.286773e-09	9.51984e-09	4.8096099999999995e-09	3.2345629999999998e-09	6.46763e-09	4.00954e-09	2.4344929999999996e-09	5.66756e-09	5.1031e-09	3.5280529999999997e-09	6.76112e-09	4.2771099999999995e-09	2.7020629999999998e-09	5.93513e-09
3200.0	5.027300000000001e-09	3.308267e-09	6.61015e-09	1.472188e-08	1.3002847e-08	1.630473e-08	3.63042e-09	1.9113870000000002e-09	5.21327e-09	4.34166e-09	2.622627e-09	5.9245099999999994e-09	8.1219e-09	6.402867e-09	9.70475e-09	5.27259e-09	3.5535569999999997e-09	6.85544e-09	4.254600000000001e-09	2.535567e-09	5.83745e-09	5.66572e-09	3.946687e-09	7.2485699999999995e-09	4.72324e-09	3.0042069999999998e-09	6.306089999999999e-09
3400.0	5.15323e-09	3.2811829999999998e-09	6.3839200000000004e-09	1.58018e-08	1.3929752999999999e-08	1.703249e-08	4.0312e-09	2.159153e-09	5.26189e-09	4.84133e-09	2.969283e-09	6.07202e-09	8.40958e-09	6.537533e-09	9.64027e-09	5.73963e-09	3.867583e-09	6.97032e-09	4.53232e-09	2.660273e-09	5.76301e-09	6.2779600000000005e-09	4.405913e-09	7.50865e-09	5.19111e-09	3.319063e-09	6.4218e-09
3600.0	5.29872e-09	3.263516e-09	5.973630000000001e-09	1.691436e-08	1.4879156e-08	1.758927e-08	4.46401e-09	2.428806e-09	5.13892e-09	5.35047e-09	3.315266e-09	6.02538e-09	8.72676e-09	6.691556e-09	9.401670000000001e-09	6.22093e-09	4.185726e-09	6.89584e-09	4.83124e-09	2.7960359999999998e-09	5.50615e-09	6.944259999999999e-09	4.909056e-09	7.61917e-09	5.69591e-09	3.6607060000000002e-09	6.37082e-09
3800.0	5.4662399999999995e-09	3.256497e-09	5.54621e-09	1.806274e-08	1.5852997e-08	1.814271e-08	4.93043e-09	2.720687e-09	5.0104e-09	5.97908e-09	3.7693370000000004e-09	6.05905e-09	9.07557e-09	6.865827e-09	9.15554e-09	6.78576e-09	4.576017e-09	6.86573e-09	5.14782e-09	2.9380769999999997e-09	5.22779e-09	7.66906e-09	5.459317e-09	7.74903e-09	6.22909e-09	4.019347e-09	6.30906e-09
4000.0	5.65849e-09	3.2614239999999997e-09	5.20165e-09	1.9250430000000002e-08	1.6853364000000002e-08	1.879359e-08	5.43397e-09	3.0369039999999998e-09	4.97713e-09	6.65782e-09	4.260754e-09	6.20098e-09	9.45837e-09	7.0613040000000005e-09	9.00153e-09	7.38675e-09	4.9896840000000005e-09	6.92991e-09	5.56466e-09	3.167594e-09	5.10782e-09	8.45515e-09	6.058084e-09	7.99831e-09	6.8018500000000005e-09	4.404784e-09	6.34501e-09
4500.0	6.2677e-09	3.335543e-09	4.7778899999999995e-09	2.241681e-08	1.9484653e-08	2.0927e-08	6.8808e-09	3.948643e-09	5.39099e-09	8.22002e-09	5.287863e-09	6.7302100000000005e-09	1.0582519999999999e-08	7.650363e-09	9.09271e-09	8.80454e-09	5.872383e-09	7.31473e-09	6.29724e-09	3.365083e-09	4.807429999999999e-09	1.072501e-08	7.792853e-09	9.2352e-09	8.40104e-09	5.468883e-09	6.91123e-09
5000.0	7.10787e-09	3.519126e-09	4.8236899999999995e-09	2.59223e-08	2.2333556e-08	2.3638119999999998e-08	8.65525e-09	5.066506e-09	6.3710700000000004e-09	1.000055e-08	6.411806000000001e-09	7.71637e-09	1.19889e-08	8.400156000000001e-09	9.70472e-09	1.043334e-08	6.844596e-09	8.14916e-09	7.32221e-09	3.733466000000001e-09	5.03803e-09	1.3498e-08	9.909256e-09	1.1213820000000001e-08	1.0336689999999999e-08	6.747946e-09	8.05251e-09
5500.0	8.25474e-09	3.84445e-09	5.22448e-09	2.985634e-08	2.544605e-08	2.682608e-08	1.0853530000000002e-08	6.443240000000001e-09	7.82327e-09	1.215112e-08	7.74083e-09	9.12086e-09	1.3748530000000002e-08	9.338240000000001e-09	1.071827e-08	1.2347840000000001e-08	7.93755e-09	9.31758e-09	8.90983e-09	4.49954e-09	5.879570000000001e-09	1.689354e-08	1.248325e-08	1.386328e-08	1.262059e-08	8.2103e-09	9.59033e-09
6000.0	9.9794e-09	4.52132e-09	6.14387e-09	3.433694e-08	2.8878860000000002e-08	3.050141e-08	1.361455e-08	8.15647e-09	9.779020000000001e-09	1.4802859999999999e-08	9.34478e-09	1.096733e-08	1.595906e-08	1.0500980000000001e-08	1.212353e-08	1.4802859999999999e-08	9.34478e-09	1.096733e-08	1.10107e-08	5.552620000000001e-09	7.17517e-09	2.105464e-08	1.559656e-08	1.721911e-08	1.547334e-08	1.0015260000000001e-08	1.163781e-08
6500.0	1.270065e-08	5.88154e-09	7.91222e-09	3.9521379999999996e-08	3.270227e-08	3.4732949999999995e-08	1.713345e-08	1.031434e-08	1.2345019999999999e-08	1.812833e-08	1.130922e-08	1.33399e-08	1.8755780000000002e-08	1.193667e-08	1.3967350000000001e-08	1.812833e-08	1.130922e-08	1.33399e-08	1.452959e-08	7.71048e-09	9.741159999999999e-09	2.618448e-08	1.936537e-08	2.139605e-08	1.909978e-08	1.228067e-08	1.431135e-08
7000.0	1.622832e-08	7.612630000000001e-09	1.0220020000000001e-08	4.5620800000000004e-08	3.700511e-08	3.9612500000000005e-08	2.16955e-08	1.3079810000000001e-08	1.56872e-08	2.2372e-08	1.375631e-08	1.63637e-08	2.2325100000000002e-08	1.3709409999999999e-08	1.63168e-08	2.2372e-08	1.375631e-08	1.63637e-08	2.11144e-08	1.2498709999999999e-08	1.51061e-08	3.25497e-08	2.3934009999999998e-08	2.6541399999999998e-08	2.36904e-08	1.507471e-08	1.76821e-08
7500.0	2.08308e-08	9.8179e-09	1.311573e-08	5.2911300000000006e-08	4.1898400000000004e-08	4.5196230000000004e-08	2.7720300000000002e-08	1.67074e-08	2.000523e-08	2.78677e-08	1.68548e-08	2.015263e-08	2.69154e-08	1.59025e-08	1.920033e-08	2.78677e-08	1.68548e-08	2.015263e-08	3.62293e-08	2.5216399999999997e-08	2.851423e-08	4.04982e-08	2.94853e-08	3.278313e-08	2.94464e-08	1.8433499999999998e-08	2.1731329999999997e-08
8000.0	2.683222e-08	1.262468e-08	1.6495459999999998e-08	6.17224e-08	4.751486e-08	5.138564e-08	3.5812e-08	2.160446e-08	2.547524e-08	3.5048699999999995e-08	2.084116e-08	2.4711939999999997e-08	3.28253e-08	1.8617759999999998e-08	2.248854e-08	3.5048699999999995e-08	2.084116e-08	2.4711939999999997e-08	5.98643e-08	4.565676e-08	4.952754e-08	5.04359e-08	3.622836e-08	4.009914e-08	3.68269e-08	2.261936e-08	2.649014e-08
8500.0	3.452e-08	1.6168e-08	1.998696e-08	7.23435e-08	5.39915e-08	5.781046e-08	4.6754900000000005e-08	2.84029e-08	3.2221860000000004e-08	4.4413e-08	2.6061e-08	2.987996e-08	4.0309200000000005e-08	2.19572e-08	2.577616e-08	4.4413e-08	2.6061e-08	2.987996e-08	8.979399999999999e-08	7.1442e-08	7.526095999999999e-08	6.27319e-08	4.43799e-08	4.819886e-08	4.59135e-08	2.7561500000000002e-08	3.138046e-08
9000.0	4.38418e-08	2.053032e-08	2.3141939999999997e-08	8.471780000000001e-08	6.140632e-08	6.401794e-08	6.1357e-08	3.804552e-08	4.0657139999999996e-08	5.6291600000000004e-08	3.298012e-08	3.559174e-08	4.94241e-08	2.611262e-08	2.872424e-08	5.6291600000000004e-08	3.298012e-08	3.559174e-08	9.1984e-08	6.867251999999999e-08	7.128414e-08	7.74208e-08	5.410932e-08	5.672094e-08	5.6838e-08	3.352652e-08	3.613814e-08
9500.0	5.381859999999999e-08	2.5621569999999998e-08	2.601247e-08	9.7852e-08	6.965497e-08	7.004587e-08	7.90308e-08	5.083377e-08	5.1224670000000004e-08	7.04872e-08	4.229017e-08	4.268107e-08	5.948989999999999e-08	3.129287e-08	3.168377e-08	7.04872e-08	4.229017e-08	4.268107e-08	7.954259999999999e-08	5.1345570000000004e-08	5.1736470000000005e-08	9.36894e-08	6.549237e-08	6.588327e-08	6.867439999999999e-08	4.0477370000000005e-08	4.0868270000000006e-08
10000.0	6.2277e-08	3.113097e-08	2.928967e-08	1.095425e-07	7.839647e-08	7.655517e-08	9.495380000000001e-08	6.380777e-08	6.196647e-08	8.644479999999999e-08	5.529877e-08	5.345747e-08	6.78415e-08	3.6695469999999996e-08	3.485417e-08	8.644479999999999e-08	5.529877e-08	5.345747e-08	8.690450000000001e-08	5.575847e-08	5.391717e-08	1.095169e-07	7.837087e-08	7.652957e-08	7.9341e-08	4.819497e-08	4.635367e-08
10500.0	6.73742e-08	3.68702e-08	3.377679e-08	1.1789150000000001e-07	8.73875e-08	8.429409000000001e-08	1.054365e-07	7.49325e-08	7.183909000000001e-08	1.056014e-07	7.50974e-08	7.200399e-08	7.255190000000001e-08	4.20479e-08	3.8954489999999997e-08	1.056014e-07	7.50974e-08	7.200399e-08	1.0420490000000001e-07	7.37009e-08	7.060749000000001e-08	1.232958e-07	9.279179999999999e-08	8.969839e-08	8.6814e-08	5.631e-08	5.3216589999999994e-08
11000.0	6.99854e-08	4.330778e-08	4.008103e-08	1.2368090000000002e-07	9.700328000000001e-08	9.377653000000001e-08	1.170261e-07	9.034848e-08	8.712173e-08	1.32396e-07	1.0571838e-07	1.0249163e-07	7.43787e-08	4.7701080000000004e-08	4.4474330000000004e-08	1.32396e-07	1.0571838e-07	1.0249163e-07	1.5598890000000002e-07	1.2931128e-07	1.2608453e-07	1.361259e-07	1.0944828e-07	1.0622153e-07	9.233200000000001e-08	6.565438e-08	6.242763e-08
11500.0	7.3092e-08	5.1462189999999996e-08	4.8714969999999994e-08	1.297398e-07	1.0810999000000001e-07	1.0536277e-07	1.385328e-07	1.1690299e-07	1.1415576999999999e-07	1.5952279999999998e-07	1.3789299e-07	1.3514577e-07	7.61382e-08	5.450839e-08	5.1761170000000004e-08	1.5952279999999998e-07	1.3789299e-07	1.3514577e-07	2.124328e-07	1.9080299e-07	1.8805577e-07	1.510228e-07	1.2939299000000002e-07	1.2664577000000002e-07	9.88938e-08	7.726399e-08	7.451676999999999e-08
12000.0	7.93379e-08	6.240779e-08	6.027495e-08	1.384718e-07	1.2154169e-07	1.1940885e-07	1.727828e-07	1.5585269e-07	1.5371985000000001e-07	1.738238e-07	1.5689369e-07	1.5476085e-07	8.02433e-08	6.331319e-08	6.118035e-08	1.738238e-07	1.5689369e-07	1.5476085e-07	2.415658e-07	2.2463569e-07	2.2250285e-07	1.707878e-07	1.5385769e-07	1.5172485e-07	1.0929119999999999e-07	9.236109e-08	9.022825e-08
12500.0	9.03145e-08	7.716424e-08	7.556577e-08	1.510914e-07	1.3794113999999998e-07	1.3634266999999999e-07	2.193954e-07	2.0624513999999998e-07	2.0464667e-07	1.9216040000000002e-07	1.7901014e-07	1.7741167e-07	8.7965e-08	7.481474e-08	7.321627e-08	1.9216040000000002e-07	1.7901014e-07	1.7741167e-07	1.951094e-07	1.8195914e-07	1.8036067e-07	1.9658339999999998e-07	1.8343313999999998e-07	1.8183466999999998e-07	1.258064e-07	1.1265614e-07	1.1105767000000001e-07
13000.0	1.071628e-07	9.687854e-08	9.568852e-08	1.6817390000000002e-07	1.5788964e-07	1.5669962000000002e-07	2.893789e-07	2.7909464e-07	2.7790462e-07	2.191219e-07	2.0883764e-07	2.0764762e-07	1.000096e-07	8.972534000000001e-08	8.853532e-08	2.191219e-07	2.0883764e-07	2.0764762e-07	1.9275390000000001e-07	1.8246964e-07	1.8127962000000002e-07	2.290969e-07	2.1881264e-07	2.1762262000000001e-07	1.480839e-07	1.3779964e-07	1.3660962e-07
13500.0	1.3114389999999998e-07	1.2299551e-07	1.2210352999999998e-07	1.9015589999999998e-07	1.8200751e-07	1.8111552999999998e-07	3.892639e-07	3.8111551e-07	3.8022353e-07	2.527399e-07	2.4459150999999997e-07	2.4369953e-07	1.170769e-07	1.0892851e-07	1.0803653e-07	2.527399e-07	2.4459150999999997e-07	2.4369953e-07	2.575969e-07	2.4944851e-07	2.4855653e-07	2.683529e-07	2.6020450999999996e-07	2.5931253e-07	1.793599e-07	1.7121151e-07	1.7031953e-07
14000.0	1.6386163000000002e-07	1.573085e-07	1.5663143000000002e-07	2.1751363e-07	2.109605e-07	2.1028343e-07	4.7665563e-07	4.701025e-07	4.6942543e-07	2.8531263e-07	2.7875950000000003e-07	2.7808243e-07	1.4011863000000002e-07	1.335655e-07	1.3288843000000002e-07	2.8531263e-07	2.7875950000000003e-07	2.7808243e-07	4.0969363e-07	4.031405e-07	4.0246342999999997e-07	3.1367563e-07	3.0712250000000003e-07	3.0644543e-07	2.2034663000000002e-07	2.137935e-07	2.1311643e-07
14500.0	2.0715103999999999e-07	2.018023e-07	2.0128078699999998e-07	2.5071604e-07	2.453673e-07	2.44845787e-07	4.9515504e-07	4.898062999999999e-07	4.89284787e-07	3.1465504e-07	3.093063e-07	3.08784787e-07	1.7039704e-07	1.650483e-07	1.64526787e-07	3.1465504e-07	3.093063e-07	3.08784787e-07	4.6349603999999997e-07	4.5814729999999996e-07	4.5762578699999997e-07	3.6262004e-07	3.5727129999999997e-07	3.56749787e-07	2.6981204e-07	2.644633e-07	2.63941787e-07
15000.0	2.6247044e-07	2.5804393e-07	2.57636206e-07	2.8999444e-07	2.8556793e-07	2.85160206e-07	5.0083044e-07	4.9640393e-07	4.95996206e-07	3.4505044e-07	3.4062393e-07	3.40216206e-07	2.0935644e-07	2.0492992999999998e-07	2.04522206e-07	3.4505044e-07	3.4062393e-07	3.40216206e-07	3.7653643999999996e-07	3.7210992999999997e-07	3.71702206e-07	4.1053744e-07	4.0611093e-07	4.05703206e-07	3.2666244e-07	3.2223593e-07	3.21828206e-07
15500.0	3.2947290999999997e-07	3.2576322e-07	3.2543986499999997e-07	3.3490691e-07	3.3119722000000003e-07	3.30873865e-07	5.1691691e-07	5.132072200000001e-07	5.12883865e-07	3.7267191e-07	3.6896222000000005e-07	3.68638865e-07	2.5817391e-07	2.5446422e-07	2.54140865e-07	3.7267191e-07	3.6896222000000005e-07	3.68638865e-07	3.3719691e-07	3.3348722000000003e-07	3.33163865e-07	4.5064891e-07	4.4693922000000003e-07	4.46615865e-07	3.8273391e-07	3.7902422e-07	3.78700865e-07
16000.0	4.0359862e-07	4.0045428000000003e-07	4.0019439100000003e-07	3.8368262e-07	3.8053828e-07	3.80278391e-07	4.8869962e-07	4.855552799999999e-07	4.852953909999999e-07	3.9432962e-07	3.9118528000000003e-07	3.9092539100000003e-07	3.1671662e-07	3.1357228000000003e-07	3.1331239100000004e-07	3.9432962e-07	3.9118528000000003e-07	3.9092539100000003e-07	3.4098562e-07	3.3784128e-07	3.37581391e-07	4.7699062e-07	4.7384628000000003e-07	4.7358639100000003e-07	4.3101862e-07	4.2787428e-07	4.27614391e-07
16500.0	4.7387087000000003e-07	4.7117859000000003e-07	4.70967116e-07	4.3246887e-07	4.2977659e-07	4.2956511599999997e-07	4.5221387e-07	4.4952159e-07	4.49310116e-07	4.1561087000000003e-07	4.1291859000000004e-07	4.12707116e-07	3.8169487e-07	3.7900259e-07	3.78791116e-07	4.1561087000000003e-07	4.1291859000000004e-07	4.12707116e-07	3.4726087000000003e-07	3.4456859000000004e-07	3.44357116e-07	4.8742887e-07	4.8473659e-07	4.84525116e-07	4.6643887e-07	4.6374659e-07	4.63535116e-07
17000.0	5.2436079e-07	5.22034613e-07	5.21860578e-07	4.7499979e-07	4.72673613e-07	4.72499578e-07	4.4211879e-07	4.39792613e-07	4.39618578e-07	4.3318479000000003e-07	4.3085861300000003e-07	4.30684578e-07	4.4460479e-07	4.42278613e-07	4.42104578e-07	4.3318479000000003e-07	4.3085861300000003e-07	4.30684578e-07	3.3135479e-07	3.2902861300000003e-07	3.28854578e-07	4.827987899999999e-07	4.80472613e-07	4.802985779999999e-07	4.9095179e-07	4.88625613e-07	4.88451578e-07
17500.0	5.4195412e-07	5.399278819999999e-07	5.397831699999999e-07	5.0354712e-07	5.015208819999999e-07	5.013761699999999e-07	4.3904712e-07	4.37020882e-07	4.3687616999999996e-07	4.3861312e-07	4.3658688200000004e-07	4.3644217e-07	4.9190512e-07	4.89878882e-07	4.8973417e-07	4.3861312e-07	4.3658688200000004e-07	4.3644217e-07	3.1084912e-07	3.08822882e-07	3.0867816999999996e-07	4.6610912e-07	4.6408288200000004e-07	4.6393817e-07	5.0661512e-07	5.04588882e-07	5.0444417e-07
18000.0	5.2500026e-07	5.2322238e-07	5.23100906e-07	5.1160826e-07	5.0983038e-07	5.09708906e-07	4.2684726e-07	4.2506937999999996e-07	4.24947906e-07	4.3630126000000003e-07	4.3452338e-07	4.34401906e-07	5.104402600000001e-07	5.0866238e-07	5.08540906e-07	4.3630126000000003e-07	4.3452338e-07	4.34401906e-07	3.0298626000000003e-07	3.0120838e-07	3.01086906e-07	4.4063826e-07	4.3886037999999995e-07	4.3873890599999997e-07	5.1323826e-07	5.1146038e-07	5.11338906e-07
18500.0	4.8332335e-07	4.817531079999999e-07	4.81650255e-07	4.9710435e-07	4.955341079999999e-07	4.954312549999999e-07	4.0715335e-07	4.05583108e-07	4.05480255e-07	4.3256735000000004e-07	4.30997108e-07	4.30894255e-07	4.9587735e-07	4.943071079999999e-07	4.942042549999999e-07	4.3256735000000004e-07	4.30997108e-07	4.30894255e-07	3.0879335000000003e-07	3.07223108e-07	3.07120255e-07	4.0992935000000004e-07	4.0835910800000003e-07	4.08256255e-07	5.0299735e-07	5.01427108e-07	5.01324255e-07
19000.0	4.3034492e-07	4.28949804e-07	4.28862024e-07	4.6355492e-07	4.6215980400000003e-07	4.62072024e-07	3.9175092e-07	3.9035580400000004e-07	3.90268024e-07	4.2696592e-07	4.25570804e-07	4.25483024e-07	4.5548192e-07	4.54086804e-07	4.5399902399999997e-07	4.2696592e-07	4.25570804e-07	4.25483024e-07	3.2114692e-07	3.19751804e-07	3.19664024e-07	3.7674492e-07	3.75349804e-07	3.7526202399999997e-07	4.7475892e-07	4.7336380400000003e-07	4.73276024e-07
19500.0	3.7637496e-07	3.75128736e-07	3.75053271e-07	4.1811696e-07	4.16870736e-07	4.16795271e-07	3.7915696e-07	3.77910736e-07	3.77835271e-07	4.1766896e-07	4.16422736e-07	4.16347271e-07	4.0214696e-07	4.00900736e-07	4.00825271e-07	4.1766896e-07	4.16422736e-07	4.16347271e-07	3.3145196000000004e-07	3.3020573600000003e-07	3.3013027100000004e-07	3.4255396e-07	3.41307736e-07	3.41232271e-07	4.3154696e-07	4.30300736e-07	4.30225271e-07
20000.0	3.2694826e-07	3.25829562e-07	3.25764249e-07	3.6827826e-07	3.67159562e-07	3.67094249e-07	3.5635626e-07	3.55237562e-07	3.55172249e-07	4.0336726e-07	4.02248562e-07	4.02183249e-07	3.4696025999999997e-07	3.45841562e-07	3.4577624899999996e-07	4.0336726e-07	4.02248562e-07	4.02183249e-07	3.3423826e-07	3.33119562e-07	3.33054249e-07	3.0821726e-07	3.07098562e-07	3.07033249e-07	3.8142326e-07	3.80304562e-07	3.80239249e-07
21000.0	2.4784327999999996e-07	2.46929923e-07	2.4688010499999996e-07	2.7530828e-07	2.7439492300000003e-07	2.74345105e-07	2.7473428e-07	2.73820923e-07	2.73771105e-07	3.5253827999999996e-07	3.51624923e-07	3.5157510499999995e-07	2.5259927999999995e-07	2.51685923e-07	2.5163610499999995e-07	3.5253827999999996e-07	3.51624923e-07	3.5157510499999995e-07	3.1931727999999996e-07	3.18403923e-07	3.1835410499999995e-07	2.4290228e-07	2.41988923e-07	2.41939105e-07	2.8514327999999996e-07	2.84229923e-07	2.8418010499999995e-07
21500.0	2.1756909e-07	2.16738966e-07	2.166951e-07	2.3658309e-07	2.3575296600000002e-07	2.357091e-07	2.3611709e-07	2.3528696600000002e-07	2.352431e-07	3.1912509e-07	3.18294966e-07	3.182511e-07	2.1606708999999998e-07	2.15236966e-07	2.1519309999999998e-07	3.1912509e-07	3.18294966e-07	3.182511e-07	3.0741509e-07	3.06584966e-07	3.065411e-07	2.1391209e-07	2.13081966e-07	2.130381e-07	2.4505109e-07	2.44220966e-07	2.441771e-07
22000.0	1.92326954e-07	1.9156983099999998e-07	1.91531015e-07	2.03538954e-07	2.02781831e-07	2.02743015e-07	2.02803954e-07	2.02046831e-07	2.0200801500000002e-07	2.85637954e-07	2.8488083100000004e-07	2.84842015e-07	1.85937954e-07	1.85180831e-07	1.85142015e-07	2.85637954e-07	2.8488083100000004e-07	2.84842015e-07	2.9526595399999996e-07	2.94508831e-07	2.9447001499999996e-07	1.8814495400000001e-07	1.87387831e-07	1.8734901500000002e-07	2.10956954e-07	2.1019983099999999e-07	2.10161015e-07
22500.0	1.71225869e-07	1.70533085e-07	1.70498579e-07	1.75689869e-07	1.74997085e-07	1.74962579e-07	1.74878869e-07	1.7418608499999999e-07	1.74151579e-07	2.5467686899999997e-07	2.53984085e-07	2.53949579e-07	1.61177869e-07	1.60485085e-07	1.60450579e-07	2.5467686899999997e-07	2.53984085e-07	2.53949579e-07	2.83560869e-07	2.8286808500000003e-07	2.82833579e-07	1.65944869e-07	1.65252085e-07	1.65217579e-07	1.82858869e-07	1.82166085e-07	1.8213157900000001e-07
23000.0	1.5349519699999999e-07	1.5285937399999999e-07	1.52828567e-07	1.52344197e-07	1.51708374e-07	1.51677567e-07	1.5346919699999998e-07	1.5283337399999998e-07	1.5280256699999999e-07	2.26588197e-07	2.25952374e-07	2.25921567e-07	1.40788197e-07	1.40152374e-07	1.40121567e-07	2.26588197e-07	2.25952374e-07	2.25921567e-07	2.72385197e-07	2.71749374e-07	2.71718567e-07	1.46963197e-07	1.46327374e-07	1.46296567e-07	1.59800197e-07	1.59164374e-07	1.59133567e-07
23500.0	1.38497588e-07	1.37912406e-07	1.37884791e-07	1.32788588e-07	1.32203406e-07	1.3217579100000001e-07	1.3510258799999998e-07	1.3451740599999998e-07	1.34489791e-07	2.01022588e-07	2.00437406e-07	2.0040979100000002e-07	1.23910588e-07	1.23325406e-07	1.23297791e-07	2.01022588e-07	2.00437406e-07	2.0040979100000002e-07	2.61825588e-07	2.6124040599999997e-07	2.6121279099999995e-07	1.3085258799999998e-07	1.3026740599999997e-07	1.30239791e-07	1.40740588e-07	1.40155406e-07	1.40127791e-07
24000.0	1.25723924e-07	1.2518394e-07	1.25159093e-07	1.1637292400000001e-07	1.1583294000000001e-07	1.1580809300000001e-07	1.20559924e-07	1.2001994e-07	1.19995093e-07	1.77979924e-07	1.7743994e-07	1.77415093e-07	1.09846924e-07	1.0930694000000001e-07	1.09282093e-07	1.77979924e-07	1.7743994e-07	1.77415093e-07	2.43466924e-07	2.4292694e-07	2.42902093e-07	1.17263924e-07	1.1672394e-07	1.16699093e-07	1.2472292400000001e-07	1.2418294000000001e-07	1.24158093e-07
24500.0	1.14763269e-07	1.14263772e-07	1.14241338e-07	1.02543269e-07	1.02043772e-07	1.02021338e-07	1.11054269e-07	1.10554772e-07	1.1053233800000001e-07	1.57198269e-07	1.5669877199999999e-07	1.56676338e-07	9.8039969e-08	9.7540472e-08	9.7518038e-08	1.57198269e-07	1.5669877199999999e-07	1.56676338e-07	2.24853269e-07	2.24353772e-07	2.24331338e-07	1.05763269e-07	1.05263772e-07	1.05241338e-07	1.11661269e-07	1.11161772e-07	1.1113933800000001e-07
25000.0	1.05293841e-07	1.04830735e-07	1.0481041099999999e-07	9.0836941e-08	9.037383500000001e-08	9.0353511e-08	1.05108841e-07	1.04645735e-07	1.04625411e-07	1.3893684099999997e-07	1.38473735e-07	1.3845341099999998e-07	8.8052941e-08	8.7589835e-08	8.7569511e-08	1.3893684099999997e-07	1.38473735e-07	1.3845341099999998e-07	2.0815284099999998e-07	2.07689735e-07	2.07669411e-07	9.600184100000001e-08	9.553873500000001e-08	9.5518411e-08	9.9991741e-08	9.9528635e-08	9.9508311e-08
25500.0	9.7054475e-08	9.6624184e-08	9.6605714e-08	8.0876075e-08	8.044578399999999e-08	8.0427314e-08	9.9516175e-08	9.9085884e-08	9.9067414e-08	1.23021975e-07	1.2259168399999998e-07	1.2257321399999998e-07	7.954187500000001e-08	7.9111584e-08	7.909311400000001e-08	1.23021975e-07	1.2259168399999998e-07	1.2257321399999998e-07	1.93278975e-07	1.92848684e-07	1.92830214e-07	8.7633175e-08	8.720288399999999e-08	8.7184414e-08	9.0322075e-08	8.989178399999999e-08	8.9873314e-08
26000.0	8.984011100000001e-08	8.9439498e-08	8.942266360000001e-08	7.2354511e-08	7.1953898e-08	7.19370636e-08	9.297301100000001e-08	9.2572398e-08	9.255556360000001e-08	1.09280111e-07	1.08879498e-07	1.088626636e-07	7.2236311e-08	7.1835698e-08	7.18188636e-08	1.09280111e-07	1.08879498e-07	1.088626636e-07	1.80144111e-07	1.79743498e-07	1.797266636e-07	8.047421100000001e-08	8.0073598e-08	8.005676360000001e-08	8.2009511e-08	8.1608898e-08	8.159206360000001e-08
26500.0	8.3484268e-08	8.3110573e-08	8.3095187e-08	6.5024668e-08	6.4650973e-08	6.4635587e-08	8.5852268e-08	8.5478573e-08	8.546318699999999e-08	9.7535768e-08	9.7162073e-08	9.714668699999999e-08	6.5922168e-08	6.5548473e-08	6.553308699999999e-08	9.7535768e-08	9.7162073e-08	9.714668699999999e-08	1.68573768e-07	1.68200073e-07	1.68184687e-07	7.4290168e-08	7.3916473e-08	7.390108699999999e-08	7.4775968e-08	7.440227299999999e-08	7.438688699999999e-08
27000.0	7.7852436e-08	7.75032213e-08	7.74891214e-08	5.8686236e-08	5.8337021300000003e-08	5.8322921400000004e-08	7.8725936e-08	7.83767213e-08	7.836262140000001e-08	8.7443036e-08	8.70938213e-08	8.70797214e-08	6.0429736e-08	6.00805213e-08	6.00664214e-08	8.7443036e-08	8.70938213e-08	8.70797214e-08	1.5822053599999998e-07	1.5787132129999998e-07	1.578572214e-07	6.8924636e-08	6.857542130000001e-08	6.856132140000001e-08	6.8542936e-08	6.81937213e-08	6.81796214e-08
27500.0	7.2835262e-08	7.250836540000001e-08	7.249541210000001e-08	5.3176862e-08	5.28499654e-08	5.28370121e-08	7.187126199999999e-08	7.15443654e-08	7.15314121e-08	7.8905662e-08	7.85787654e-08	7.85658121e-08	5.5623062e-08	5.52961654e-08	5.5283212099999996e-08	7.8905662e-08	7.85787654e-08	7.85658121e-08	1.4917106200000002e-07	1.488441654e-07	1.4883121210000001e-07	6.4238362e-08	6.391146540000001e-08	6.389851210000001e-08	6.311946199999999e-08	6.27925654e-08	6.27796121e-08
28000.0	6.834324e-08	6.80367397e-08	6.80248116e-08	4.836414e-08	4.80576397e-08	4.80457116e-08	6.585164e-08	6.55451397e-08	6.55332116e-08	7.157634000000001e-08	7.12698397e-08	7.125791160000001e-08	5.139244e-08	5.10859397e-08	5.10740116e-08	7.157634000000001e-08	7.12698397e-08	7.125791160000001e-08	1.4099204e-07	1.406855397e-07	1.406736116e-07	6.010964e-08	5.98031397e-08	5.97912116e-08	5.828814e-08	5.7981639699999995e-08	5.7969711599999996e-08
28500.0	6.430220499999999e-08	6.40143867e-08	6.40033781e-08	4.4140205e-08	4.38523867e-08	4.38413781e-08	6.0788405e-08	6.05005867e-08	6.048957810000001e-08	6.529000499999999e-08	6.50021867e-08	6.49911781e-08	4.7649105e-08	4.73612867e-08	4.73502781e-08	6.529000499999999e-08	6.50021867e-08	6.49911781e-08	1.33769205e-07	1.334813867e-07	1.3347037809999998e-07	5.6425505e-08	5.61376867e-08	5.61266781e-08	5.4066305000000004e-08	5.37784867e-08	5.37674781e-08
29000.0	6.0651226e-08	6.038055680000001e-08	6.0370375e-08	4.0416326e-08	4.0145656800000004e-08	4.0135475000000004e-08	5.5926626e-08	5.5655956800000005e-08	5.5645775000000005e-08	5.9838426e-08	5.95677568e-08	5.9557575e-08	4.4320526e-08	4.40498568e-08	4.4039675e-08	5.9838426e-08	5.95677568e-08	5.9557575e-08	1.27328326e-07	1.2705765679999998e-07	1.27047475e-07	5.3116326e-08	5.2845656800000005e-08	5.2835475000000005e-08	5.0245226e-08	4.99745568e-08	4.9964375e-08
29500.0	5.7338803e-08	5.7083906200000003e-08	5.7074470100000005e-08	3.7119303e-08	3.68644062e-08	3.68549701e-08	5.1205303e-08	5.0950406200000003e-08	5.0940970100000005e-08	5.5082403e-08	5.4827506200000004e-08	5.4818070100000006e-08	4.1347103e-08	4.1092206200000004e-08	4.1082770100000006e-08	5.5082403e-08	5.4827506200000004e-08	5.4818070100000006e-08	1.21497203e-07	1.2124230619999998e-07	1.2123287009999998e-07	5.0129703e-08	4.98748062e-08	4.9865370100000004e-08	4.6929103e-08	4.66742062e-08	4.66647701e-08
30000.0	5.4322258e-08	5.4081896899999996e-08	5.4073135e-08	3.4188358e-08	3.39479969e-08	3.3939235e-08	4.6841258e-08	4.66008969e-08	4.6592135e-08	5.0857158e-08	5.06167969e-08	5.0608035e-08	3.8679258e-08	3.84388969e-08	3.8430135e-08	5.0857158e-08	5.06167969e-08	5.0608035e-08	1.16187658e-07	1.1594729690000001e-07	1.15938535e-07	4.7431058e-08	4.71906969e-08	4.7181935e-08	4.3909458e-08	4.36690969e-08	4.3660335e-08
