Energy	E1_1 M1_1	E1_1 M1_2	E1_1 M1_3	E1_2 M1_1	E1_2 M1_2	E1_2 M1_3	E1_3 M1_1	E1_3 M1_2	E1_3 M1_3	E1_4 M1_1	E1_4 M1_2	E1_4 M1_3	E1_5 M1_1	E1_5 M1_2	E1_5 M1_3	E1_6 M1_1	E1_6 M1_2	E1_6 M1_3	E1_7 M1_1	E1_7 M1_2	E1_7 M1_3	E1_8 M1_1	E1_8 M1_2	E1_8 M1_3	E1_9 M1_1	E1_9 M1_2	E1_9 M1_3
2.0	2.44503463e-09	2.44413472e-09	1.296949e-08	8.3672e-12	7.46729e-12	1.053282257e-08	1.14463e-12	2.4472e-13	1.05256e-08	1.14463e-12	2.4472e-13	1.05256e-08	7.62208463e-09	7.62118472e-09	1.814654e-08	1.14463e-12	2.4472e-13	1.05256e-08	1.14463e-12	2.4472e-13	1.05256e-08	1.11632463e-09	1.11542472e-09	1.1640779999999999e-08	1.14463e-12	2.4472e-13	1.05256e-08
5.0	2.44507157e-09	2.4428218e-09	1.2943510000000001e-08	2.0917969999999998e-11	1.86682e-11	1.0519356400000001e-08	2.86157e-12	6.118e-13	1.05013e-08	2.86157e-12	6.118e-13	1.05013e-08	7.62154157e-09	7.6192918e-09	1.811998e-08	2.86157e-12	6.118e-13	1.05013e-08	2.86157e-12	6.118e-13	1.05013e-08	1.11759157e-09	1.1153418e-09	1.1616030000000001e-08	2.86157e-12	6.118e-13	1.05013e-08
10.0	2.44513315e-09	2.4406336e-09	1.290041e-08	4.183605e-11	3.73365e-11	1.0497112900000001e-08	5.72315e-12	1.2236e-12	1.0461e-08	5.72315e-12	1.2236e-12	1.0461e-08	7.62063315e-09	7.6161336e-09	1.807591e-08	5.72315e-12	1.2236e-12	1.0461e-08	5.72315e-12	1.2236e-12	1.0461e-08	1.11971315e-09	1.1152136e-09	1.157499e-08	5.72315e-12	1.2236e-12	1.0461e-08
20.0	2.4452564e-09	2.43625722e-09	1.281471e-08	8.36723e-11	7.467312e-11	1.04531259e-08	1.14464e-11	2.44722e-12	1.03809e-08	1.14464e-11	2.44722e-12	1.03809e-08	7.618856399999999e-09	7.60985722e-09	1.798831e-08	1.14464e-11	2.44722e-12	1.03809e-08	1.14464e-11	2.44722e-12	1.03809e-08	1.1239564e-09	1.1149572199999999e-09	1.149341e-08	1.14464e-11	2.44722e-12	1.03809e-08
50.0	2.4455569000000002e-09	2.4230582600000002e-09	1.256134e-08	2.091839e-10	1.8668526e-10	1.0324967e-08	2.86169e-11	6.11826e-12	1.01444e-08	2.86169e-11	6.11826e-12	1.01444e-08	7.6137469e-09	7.59124826e-09	1.772953e-08	2.86169e-11	6.11826e-12	1.01444e-08	2.86169e-11	6.11826e-12	1.01444e-08	1.1366369000000002e-09	1.1141382600000001e-09	1.125242e-08	2.86169e-11	6.11826e-12	1.01444e-08
100.0	2.4458312e-09	2.4008281e-09	1.215189e-08	4.183902e-10	3.733871e-10	1.0124449000000001e-08	5.72412e-11	1.22381e-11	9.7633e-09	5.72412e-11	1.22381e-11	9.7633e-09	7.6059712e-09	7.5609681e-09	1.731203e-08	5.72412e-11	1.22381e-11	9.7633e-09	5.72412e-11	1.22381e-11	9.7633e-09	1.1577012e-09	1.1126981e-09	1.086376e-08	5.72412e-11	1.22381e-11	9.7633e-09
200.0	2.4456109999999997e-09	2.3555587e-09	1.137834e-08	8.36959e-10	7.469066999999999e-10	9.769688e-09	1.1921094e-10	2.915864e-11	9.05193994e-09	4.01988e-10	3.119357e-10	9.334717e-09	7.593211e-09	7.503158699999999e-09	1.652594e-08	3.1582609999999997e-09	3.0682087e-09	1.2090989999999999e-08	1.141391e-09	1.0513387e-09	1.007412e-08	1.212041e-09	1.1219887e-09	1.014477e-08	2.6389799999999997e-10	1.738457e-10	9.196627e-09
300.0	2.444488e-09	2.3092944999999998e-09	1.0661610000000001e-08	1.255888e-09	1.1206945e-09	9.473010000000001e-09	1.824705e-10	4.7277e-11	8.3995925e-09	4.8161e-10	3.4641649999999995e-10	8.698732000000001e-09	7.584218e-09	7.4490245e-09	1.580134e-08	2.4027580000000003e-09	2.2675645e-09	1.061988e-08	1.00451e-09	8.693165e-10	9.221632e-09	1.269148e-09	1.1339545e-09	9.48627e-09	3.4045e-10	2.052565e-10	8.557572e-09
400.0	2.442572e-09	2.262098e-09	9.99748e-09	1.6753519999999998e-09	1.4948779999999999e-09	9.230259999999999e-09	2.482526e-10	6.77786e-11	7.8031606e-09	5.63057e-10	3.8258299999999996e-10	8.117964999999999e-09	7.579022e-09	7.3985480000000005e-09	1.513393e-08	2.066972e-09	1.8864980000000002e-09	9.62188e-09	9.89873e-10	8.09399e-10	8.544781e-09	1.332212e-09	1.151738e-09	8.88712e-09	4.2029e-10	2.3981599999999997e-10	7.975198e-09
500.0	2.440013e-09	2.214072e-09	9.38213e-09	2.095543e-09	1.869602e-09	9.03766e-09	3.1662210000000004e-10	9.06811e-11	7.2587391e-09	6.463019999999999e-10	4.20361e-10	7.588419000000001e-09	7.577663e-09	7.351722e-09	1.451978e-08	1.900383e-09	1.6744419999999999e-09	8.8425e-09	1.0386910000000002e-09	8.1275e-10	7.980808e-09	1.401243e-09	1.1753019999999999e-09	8.34336e-09	5.013440000000001e-10	2.7540300000000003e-10	7.4434610000000006e-09
600.0	2.436929e-09	2.1652893e-09	8.81204e-09	2.516629e-09	2.2449893e-09	8.89174e-09	3.876546e-10	1.1601489999999999e-10	6.7627656e-09	7.315769999999999e-10	4.599373e-10	7.106688e-09	7.580179e-09	7.3085393e-09	1.395529e-08	1.817659e-09	1.5460193e-09	8.19277e-09	1.111886e-09	8.402462999999999e-10	7.486997e-09	1.476269e-09	1.2046293e-09	7.85138e-09	5.84805e-10	3.131653e-10	6.959916e-09
700.0	2.4334419999999996e-09	2.115823e-09	8.284e-09	2.9388019999999996e-09	2.621183e-09	8.789359999999999e-09	4.6142949999999997e-10	1.438105e-10	6.3119875e-09	8.18857e-10	5.01238e-10	6.669415e-09	7.586622e-09	7.269003e-09	1.3437180000000001e-08	1.781832e-09	1.464213e-09	7.63239e-09	1.1890460000000001e-09	8.71427e-10	7.039604e-09	1.557422e-09	1.239803e-09	7.40798e-09	6.703610000000001e-10	3.5274200000000003e-10	6.520919e-09
800.0	2.4296939999999997e-09	2.0657662e-09	7.7951e-09	3.3622439999999998e-09	2.9983162e-09	8.72765e-09	5.380085e-10	1.740807e-10	5.9034145e-09	9.0829e-10	5.443622e-10	6.2736959999999995e-09	7.597044000000001e-09	7.2331162e-09	1.296245e-08	1.776254e-09	1.4123261999999998e-09	7.1416599999999995e-09	1.271169e-09	9.072412e-10	6.6365749999999995e-09	1.644574e-09	1.2806462e-09	7.00998e-09	7.58549e-10	3.946212e-10	6.123955e-09
900.0	2.4258179999999996e-09	2.0152019999999996e-09	7.34269e-09	3.7871379999999996e-09	3.3765219999999996e-09	8.70401e-09	6.175156e-10	2.068996e-10	5.5343876e-09	9.9994e-10	5.89324e-10	5.916812e-09	7.611478e-09	7.200862e-09	1.252835e-08	1.794018e-09	1.383402e-09	6.710889999999999e-09	1.358566e-09	9.4795e-10	6.275438e-09	1.738018e-09	1.327402e-09	6.6548899999999995e-09	8.50615e-10	4.39999e-10	5.767486999999999e-09
1000.0	2.421927e-09	1.964195e-09	6.92438e-09	4.213677e-09	3.755945e-09	8.71613e-09	6.99909e-10	2.42177e-10	5.202362e-09	1.09387e-09	6.36138e-10	5.596323e-09	7.630007e-09	7.172275e-09	1.213246e-08	1.826987e-09	1.369255e-09	6.32944e-09	1.449551e-09	9.918189999999999e-10	5.952004e-09	1.8376269999999999e-09	1.379895e-09	6.34008e-09	9.457509999999999e-10	4.88019e-10	5.448204e-09
1100.0	2.418167e-09	1.912838e-09	6.53805e-09	4.6420469999999996e-09	4.1367179999999995e-09	8.76193e-09	7.854299999999999e-10	2.80101e-10	4.905313e-09	1.190146e-09	6.84817e-10	5.310028999999999e-09	7.652666999999999e-09	7.147338e-09	1.177255e-08	1.8727069999999997e-09	1.367378e-09	5.9925899999999995e-09	1.54257e-09	1.037241e-09	5.662453e-09	1.943717e-09	1.4383879999999998e-09	6.0636e-09	1.043781e-09	5.38452e-10	5.1636639999999996e-09
1200.0	2.414664e-09	1.8612070000000001e-09	6.18182e-09	5.072444e-09	4.518987e-09	8.8396e-09	8.74142e-10	3.20685e-10	4.641298e-09	1.28892e-09	7.35463e-10	5.056076e-09	7.679534e-09	7.126077e-09	1.144669e-08	1.927294e-09	1.373837e-09	5.69445e-09	1.637711e-09	1.084254e-09	5.404867e-09	2.056144e-09	1.502687e-09	5.8233e-09	1.1463759999999999e-09	5.929189999999999e-10	4.913532e-09
1300.0	2.411568e-09	1.809394e-09	5.85407e-09	5.505058000000001e-09	4.902884e-09	8.94756e-09	9.66117e-10	3.63943e-10	4.408619e-09	1.390263e-09	7.88089e-10	4.8327650000000005e-09	7.710678e-09	7.108504e-09	1.115318e-08	1.989908e-09	1.387734e-09	5.43241e-09	1.73359e-09	1.131416e-09	5.176092e-09	2.175148e-09	1.572974e-09	5.61765e-09	1.252334e-09	6.501600000000001e-10	4.694836e-09
1400.0	2.409007e-09	1.757476e-09	5.55339e-09	5.940097e-09	5.288566e-09	9.08448e-09	1.061423e-09	4.09892e-10	4.205806e-09	1.494329e-09	8.42798e-10	4.638712e-09	7.746157e-09	7.094626000000001e-09	1.089054e-08	2.0584269999999998e-09	1.406896e-09	5.20281e-09	1.830617e-09	1.1790859999999999e-09	4.975e-09	2.3008869999999998e-09	1.649356e-09	5.44527e-09	1.361726e-09	7.101949999999999e-10	4.506109e-09
1500.0	2.4071160000000002e-09	1.705529e-09	5.27865e-09	6.377756e-09	5.676169e-09	9.24929e-09	1.160221e-09	4.5863400000000003e-10	4.031755e-09	1.601194e-09	8.99607e-10	4.472728e-09	7.786066e-09	7.084479e-09	1.06576e-08	2.133366e-09	1.431779e-09	5.0049e-09	1.928166e-09	1.226579e-09	4.7997e-09	2.433516e-09	1.731929e-09	5.3050499999999996e-09	1.475044e-09	7.73457e-10	4.346578e-09
1600.0	2.406038e-09	1.653637e-09	5.02898e-09	6.818238e-09	6.065837e-09	9.44118e-09	1.262584e-09	5.10183e-10	3.8855259999999995e-09	1.7111019999999998e-09	9.58701e-10	4.334044e-09	7.830468e-09	7.078067e-09	1.045341e-08	2.212308e-09	1.459907e-09	4.83525e-09	2.026348e-09	1.273947e-09	4.64929e-09	2.5732080000000002e-09	1.8208070000000001e-09	5.19615e-09	1.592917e-09	8.405160000000001e-10	4.215859e-09
1700.0	2.40593e-09	1.601898e-09	4.80378e-09	7.26176e-09	6.457728e-09	9.65961e-09	1.368589e-09	5.64557e-10	3.766439e-09	1.823959e-09	1.019927e-09	4.221809e-09	7.87946e-09	7.075428e-09	1.027731e-08	2.29548e-09	1.491448e-09	4.69333e-09	2.1249499999999998e-09	1.320918e-09	4.5228e-09	2.72005e-09	1.916018e-09	5.1178999999999995e-09	1.714783e-09	9.107510000000001e-10	4.112633e-09
1800.0	2.4069299999999997e-09	1.5503879999999998e-09	4.6027599999999995e-09	7.708529999999999e-09	6.851987999999999e-09	9.90436e-09	1.478487e-09	6.21945e-10	3.6743169999999996e-09	1.9401019999999998e-09	1.08356e-09	4.135932e-09	7.93313e-09	7.076588e-09	1.012896e-08	2.38274e-09	1.5261980000000002e-09	4.5785699999999994e-09	2.22643e-09	1.3698879999999999e-09	4.42226e-09	2.87459e-09	2.018048e-09	5.07042e-09	1.8405759999999998e-09	9.84034e-10	4.036406e-09
1900.0	2.40919e-09	1.499186e-09	4.42593e-09	8.15878e-09	7.248776e-09	1.017552e-08	1.5922839999999998e-09	6.8228e-10	3.609024e-09	2.059538e-09	1.1495339999999999e-09	4.076278e-09	7.99158e-09	7.081576e-09	1.0008319999999999e-08	2.47415e-09	1.564146e-09	4.49089e-09	2.33177e-09	1.421766e-09	4.34851e-09	3.03668e-09	2.1266760000000003e-09	5.0534200000000005e-09	1.9705659999999997e-09	1.060562e-09	3.9873059999999995e-09
2000.0	2.41288e-09	1.448399e-09	4.27366e-09	8.61272e-09	7.648239e-09	1.04735e-08	1.710234e-09	7.45753e-10	3.5710139999999997e-09	2.1826059999999997e-09	1.2181249999999999e-09	4.043386e-09	8.05491e-09	7.0904289999999996e-09	9.91569e-09	2.5678e-09	1.6033189999999999e-09	4.42858e-09	2.44587e-09	1.4813889999999999e-09	4.306649999999999e-09	3.20646e-09	2.2419790000000002e-09	5.06724e-09	2.105634e-09	1.141153e-09	3.966414e-09
2200.0	2.42515e-09	1.3484010000000001e-09	4.04595e-09	9.53259e-09	8.455841e-09	1.115339e-08	1.95894e-09	8.821909999999999e-10	3.57974e-09	2.44077e-09	1.3640210000000001e-09	4.0615700000000005e-09	8.19663e-09	7.1198809999999995e-09	9.81743e-09	2.7736599999999997e-09	1.696911e-09	4.39446e-09	2.7365000000000002e-09	1.659751e-09	4.3573e-09	3.5705199999999998e-09	2.4937709999999997e-09	5.191319999999999e-09	2.3892199999999997e-09	1.312471e-09	4.01002e-09
2400.0	2.445086e-09	1.251122e-09	3.928566e-09	1.047008e-08	9.276116e-09	1.195356e-08	2.2259069999999997e-09	1.031943e-09	3.7093869999999996e-09	2.7156199999999998e-09	1.521656e-09	4.1991e-09	8.359259999999999e-09	7.165296e-09	9.842739999999999e-09	3.00139e-09	1.807426e-09	4.48487e-09	3.02592e-09	1.831956e-09	4.509399999999999e-09	3.9707399999999995e-09	2.776776e-09	5.454219999999999e-09	2.70431e-09	1.510346e-09	4.18779e-09
2600.0	2.474108e-09	1.157331e-09	3.929228e-09	1.142718e-08	1.0110403e-08	1.2882299999999999e-08	2.5123949999999998e-09	1.195618e-09	3.9675150000000004e-09	3.0106100000000002e-09	1.693833e-09	4.46573e-09	8.54384e-09	7.227063e-09	9.99896e-09	3.24374e-09	1.9269630000000003e-09	4.69886e-09	3.16054e-09	1.843763e-09	4.61566e-09	4.40778e-09	3.0910030000000003e-09	5.8629000000000005e-09	3.03983e-09	1.723053e-09	4.4949500000000005e-09
2800.0	2.513735e-09	1.067832e-09	4.033525e-09	1.2406e-08	1.0960097000000001e-08	1.3925790000000001e-08	2.820099e-09	1.374196e-09	4.3398890000000005e-09	3.33358e-09	1.887677e-09	4.85337e-09	8.75157e-09	7.305667e-09	1.027136e-08	3.50404e-09	2.058137e-09	5.0238300000000004e-09	3.2893000000000002e-09	1.843397e-09	4.80909e-09	4.88689e-09	3.440987e-09	6.40668e-09	3.38458e-09	1.938677e-09	4.90437e-09
3000.0	2.56561e-09	9.83474e-10	4.16238e-09	1.3408880000000001e-08	1.1826744e-08	1.500565e-08	3.1503699999999997e-09	1.568234e-09	4.74714e-09	3.70896e-09	2.126824e-09	5.30573e-09	8.983760000000001e-09	7.401624e-09	1.058053e-08	3.80618e-09	2.2240439999999997e-09	5.40295e-09	3.38735e-09	1.805214e-09	4.98412e-09	5.4099700000000005e-09	3.827834e-09	7.00674e-09	3.74984e-09	2.167704e-09	5.34661e-09
3200.0	2.63151e-09	9.05154e-10	4.15558e-09	1.443832e-08	1.2711964e-08	1.596239e-08	3.5055499999999997e-09	1.779194e-09	5.02962e-09	4.222e-09	2.4956440000000003e-09	5.74607e-09	9.241899999999999e-09	7.515544e-09	1.0765969999999999e-08	4.26834e-09	2.5419840000000004e-09	5.79241e-09	3.60008e-09	1.873724e-09	5.12415e-09	5.98162e-09	4.255264e-09	7.50569e-09	4.1638300000000005e-09	2.4374740000000003e-09	5.687900000000001e-09
3400.0	2.8448840000000002e-09	9.65345e-10	4.024734e-09	1.549676e-08	1.3617221e-08	1.667661e-08	3.88688e-09	2.007341e-09	5.06673e-09	4.691800000000001e-09	2.8122610000000003e-09	5.8716500000000005e-09	9.52765e-09	7.648110999999999e-09	1.07075e-08	4.691800000000001e-09	2.8122610000000003e-09	5.8716500000000005e-09	3.8782e-09	1.998661e-09	5.05805e-09	6.60478e-09	4.725241e-09	7.78463e-09	4.60073e-09	2.721191e-09	5.78058e-09
3600.0	3.142183e-09	1.099395e-09	3.773383e-09	1.65871e-08	1.4544312e-08	1.72183e-08	4.29835e-09	2.255562e-09	4.92955e-09	5.1761299999999996e-09	3.133342e-09	5.80733e-09	9.842869999999999e-09	7.800082e-09	1.0474070000000001e-08	5.1761299999999996e-09	3.133342e-09	5.80733e-09	4.196e-09	2.153212e-09	4.8272e-09	7.28499e-09	5.242202e-09	7.91619e-09	5.0980699999999995e-09	3.055282e-09	5.72927e-09
3800.0	3.465854e-09	1.248546e-09	3.505914e-09	1.771248e-08	1.5495172e-08	1.775254e-08	4.74064e-09	2.523332e-09	4.7807e-09	5.76674e-09	3.549432e-09	5.8068e-09	1.018962e-08	7.972312e-09	1.022968e-08	5.76674e-09	3.549432e-09	5.8068e-09	4.541150000000001e-09	2.323842e-09	4.5812100000000006e-09	8.02515e-09	5.807842e-09	8.06521e-09	5.64011e-09	3.422802e-09	5.68017e-09
4000.0	3.81871e-09	1.414216e-09	3.32333e-09	1.8876169999999998e-08	1.6471676e-08	1.838079e-08	5.21813e-09	2.813636e-09	4.72275e-09	6.40903e-09	4.004536e-09	5.91365e-09	1.057027e-08	8.165776e-09	1.0074889999999999e-08	6.40903e-09	4.004536e-09	5.91365e-09	4.94317e-09	2.5386759999999997e-09	4.4477900000000004e-09	8.83079e-09	6.426296e-09	8.33541e-09	6.20867e-09	3.804176e-09	5.71329e-09
4500.0	4.849689999999999e-09	1.911106e-09	3.32038e-09	2.19778e-08	1.9039216e-08	2.044849e-08	6.5870199999999994e-09	3.648436e-09	5.05771e-09	7.90803e-09	4.969446e-09	6.37872e-09	1.168817e-08	8.749586e-09	1.015886e-08	7.90803e-09	4.969446e-09	6.37872e-09	5.83067e-09	2.892086e-09	4.3013600000000005e-09	1.1163839999999999e-08	8.225256e-09	9.634529999999999e-09	7.83777e-09	4.899186e-09	6.30846e-09
5000.0	6.14223e-09	2.549407e-09	3.81513e-09	2.5410249999999998e-08	2.1817427e-08	2.3083149999999997e-08	8.25965e-09	4.666827e-09	5.93255e-09	9.6171e-09	6.024277e-09	7.2899999999999994e-09	1.3086289999999999e-08	9.493467e-09	1.075919e-08	9.6171e-09	6.024277e-09	7.2899999999999994e-09	6.90742e-09	3.314597e-09	4.58032e-09	1.4026140000000001e-08	1.0433317e-08	1.169904e-08	9.80011e-09	6.2072869999999994e-09	7.47301e-09
5500.0	7.774530000000001e-09	3.36462e-09	4.69678e-09	2.926083e-08	2.485092e-08	2.618308e-08	1.032677e-08	5.916859999999999e-09	7.24902e-09	1.167727e-08	7.2673600000000004e-09	8.59952e-09	1.483413e-08	1.042422e-08	1.175638e-08	1.167727e-08	7.2673600000000004e-09	8.59952e-09	8.30753e-09	3.89762e-09	5.2297800000000005e-09	1.752193e-08	1.311202e-08	1.444418e-08	1.216908e-08	7.75917e-09	9.091330000000001e-09
6000.0	9.85224e-09	4.40219e-09	5.96417e-09	3.364413e-08	2.819408e-08	2.975606e-08	1.291353e-08	7.46348e-09	9.02546e-09	1.421026e-08	8.76021e-09	1.0322189999999999e-08	1.702733e-08	1.157728e-08	1.313926e-08	1.421026e-08	8.76021e-09	1.0322189999999999e-08	1.022468e-08	4.77463e-09	6.3366100000000005e-09	2.182593e-08	1.637588e-08	1.793786e-08	1.506202e-08	9.61197e-09	1.117395e-08
6500.0	1.2519739999999999e-08	5.72105e-09	7.6744e-09	3.8713619999999996e-08	3.1914929999999996e-08	3.386828e-08	1.6198e-08	9.39931e-09	1.135266e-08	1.738197e-08	1.058328e-08	1.253663e-08	1.979822e-08	1.299953e-08	1.495288e-08	1.738197e-08	1.058328e-08	1.253663e-08	1.3019940000000001e-08	6.22125e-09	8.1746e-09	2.712052e-08	2.032183e-08	2.227518e-08	1.8613629999999998e-08	1.181494e-08	1.3768290000000001e-08
7000.0	1.597439e-08	7.3982e-09	9.90854e-09	4.46751e-08	3.6098909999999996e-08	3.860925e-08	2.043216e-08	1.1855969999999999e-08	1.436631e-08	2.14123e-08	1.283611e-08	1.5346450000000002e-08	2.33296e-08	1.475341e-08	1.726375e-08	2.14123e-08	1.283611e-08	1.5346450000000002e-08	1.723242e-08	8.65623e-09	1.116657e-08	3.3702799999999997e-08	2.5126610000000002e-08	2.7636950000000002e-08	2.30082e-08	1.443201e-08	1.694235e-08
7500.0	2.04798e-08	9.53352e-09	1.2717510000000001e-08	5.17997e-08	4.085342e-08	4.403741e-08	2.59882e-08	1.504192e-08	1.8225909999999998e-08	2.66127e-08	1.566642e-08	1.885041e-08	2.78664e-08	1.692012e-08	2.010411e-08	2.66127e-08	1.566642e-08	1.885041e-08	2.56499e-08	1.4703619999999998e-08	1.788761e-08	4.19004e-08	3.095412e-08	3.413811e-08	2.8625e-08	1.767872e-08	2.086271e-08
8000.0	2.6359720000000003e-08	1.225117e-08	1.6009190000000002e-08	6.04164e-08	4.630785e-08	5.006587e-08	3.33844e-08	1.9275850000000002e-08	2.303387e-08	3.3393100000000005e-08	1.9284550000000002e-08	2.3042570000000002e-08	3.3708800000000003e-08	1.960025e-08	2.335827e-08	3.3393100000000005e-08	1.9284550000000002e-08	2.3042570000000002e-08	4.0323400000000005e-08	2.6214850000000002e-08	2.9972870000000005e-08	5.21568e-08	3.804825e-08	4.180627e-08	3.57437e-08	2.163515e-08	2.539317e-08
8500.0	3.39181e-08	1.5686010000000002e-08	1.942883e-08	7.08311e-08	5.259901e-08	5.634183e-08	4.32611e-08	2.5029010000000002e-08	2.877183e-08	4.22116e-08	2.397951e-08	2.772233e-08	4.11299e-08	2.289781e-08	2.664063e-08	4.22116e-08	2.397951e-08	2.772233e-08	7.55881e-08	5.735601e-08	6.109883e-08	6.48687e-08	4.663661e-08	5.0379429999999995e-08	4.45882e-08	2.635611e-08	3.009893e-08
9000.0	4.31631e-08	1.9929590000000002e-08	2.252475e-08	8.30478e-08	5.981429e-08	6.240945e-08	5.62927e-08	3.305919e-08	3.565435e-08	5.33523e-08	3.011879e-08	3.271395e-08	5.0097e-08	2.686349e-08	2.945865e-08	5.33523e-08	3.011879e-08	3.271395e-08	7.77342e-08	5.450069e-08	5.709585e-08	8.01721e-08	5.693859e-08	5.953375e-08	5.5251900000000005e-08	3.201839e-08	3.4613550000000004e-08
9500.0	5.32318e-08	2.4913450000000004e-08	2.530971e-08	9.61902e-08	6.787185e-08	6.826811e-08	7.236209999999999e-08	4.404375e-08	4.4440009999999996e-08	6.65334e-08	3.8215050000000004e-08	3.861131e-08	5.96934e-08	3.1375050000000004e-08	3.177131e-08	6.65334e-08	3.8215050000000004e-08	3.861131e-08	9.594599999999999e-08	6.762764999999999e-08	6.802390999999999e-08	9.736879999999999e-08	6.905044999999999e-08	6.944670999999999e-08	6.701909999999999e-08	3.870075e-08	3.909701e-08
10000.0	6.20072e-08	3.0336800000000005e-08	2.8438360000000002e-08	1.081128e-07	7.644240000000001e-08	7.454396000000001e-08	8.8448e-08	5.67776e-08	5.4879159999999996e-08	8.078040000000001e-08	4.911e-08	4.7211560000000005e-08	6.7729e-08	3.60586e-08	3.416016e-08	8.078040000000001e-08	4.911e-08	4.7211560000000005e-08	9.30538e-08	6.138340000000001e-08	5.948496000000001e-08	1.1456480000000001e-07	8.28944e-08	8.099596e-08	7.75798e-08	4.59094e-08	4.4010959999999997e-08
10500.0	6.74187e-08	3.595689e-08	3.270142e-08	1.1669309999999999e-07	8.523129e-08	8.197582e-08	9.93631e-08	6.790129e-08	6.464582e-08	9.637070000000001e-08	6.490889e-08	6.165342e-08	7.25372e-08	4.107539e-08	3.781992e-08	9.637070000000001e-08	6.490889e-08	6.165342e-08	9.872989999999999e-08	6.726809e-08	6.401262e-08	1.299642e-07	9.850239e-08	9.524692000000001e-08	8.512089999999999e-08	5.365909e-08	5.040362e-08
11000.0	6.99803e-08	4.214877e-08	3.869719e-08	1.223576e-07	9.452607e-08	9.107448999999999e-08	1.07843e-07	8.001147e-08	7.655988999999999e-08	1.164994e-07	8.866787e-08	8.521629e-08	7.43672e-08	4.6535669999999995e-08	4.308409e-08	1.164994e-07	8.866787e-08	8.521629e-08	1.131513e-07	8.531977e-08	8.186818999999999e-08	1.4425500000000002e-07	1.1642347000000001e-07	1.1297189e-07	9.00965e-08	6.226497e-08	5.8813390000000004e-08
11500.0	7.26013e-08	4.988913e-08	4.691888e-08	1.2787240000000002e-07	1.0516023e-07	1.0218998e-07	1.229985e-07	1.0028633e-07	9.731608e-08	1.413005e-07	1.1858833e-07	1.1561808e-07	7.57236e-08	5.301143e-08	5.004118e-08	1.413005e-07	1.1858833e-07	1.1561808e-07	1.594285e-07	1.3671633e-07	1.3374608e-07	1.608155e-07	1.3810332999999998e-07	1.3513308e-07	9.55894e-08	7.287723e-08	6.990698e-08
12000.0	7.80695e-08	6.024977e-08	5.792908e-08	1.357986e-07	1.1797886999999999e-07	1.1565818e-07	1.4973560000000002e-07	1.3191587e-07	1.2959518e-07	1.634406e-07	1.4562086999999998e-07	1.4330017999999998e-07	7.91765e-08	6.135677e-08	5.903608e-08	1.634406e-07	1.4562086999999998e-07	1.4330017999999998e-07	1.9796160000000001e-07	1.8014187e-07	1.7782118e-07	1.823486e-07	1.6452886999999998e-07	1.6220817999999998e-07	1.043634e-07	8.654366999999999e-08	8.422297999999999e-08
12500.0	8.80701e-08	7.422927e-08	7.248325999999999e-08	1.474697e-07	1.3362887000000002e-07	1.3188286e-07	1.871757e-07	1.7333487000000001e-07	1.7158886e-07	1.8067070000000001e-07	1.6682987000000002e-07	1.6508386000000002e-07	8.61092e-08	7.226837e-08	7.052236e-08	1.8067070000000001e-07	1.6682987000000002e-07	1.6508386000000002e-07	2.189217e-07	2.0508087000000001e-07	2.0333486e-07	2.105947e-07	1.9675387000000002e-07	1.9500786000000002e-07	1.185667e-07	1.0472587e-07	1.0297986e-07
13000.0	1.037301e-07	9.29185e-08	9.161507999999999e-08	1.634817e-07	1.526701e-07	1.5136668e-07	2.412637e-07	2.304521e-07	2.2914868e-07	1.973747e-07	1.865631e-07	1.8525968e-07	9.7239e-08	8.64274e-08	8.512398e-08	1.973747e-07	1.865631e-07	1.8525968e-07	1.854917e-07	1.746801e-07	1.7337668e-07	2.465547e-07	2.357431e-07	2.3443968e-07	1.387397e-07	1.279281e-07	1.2662468000000001e-07
13500.0	1.262292e-07	1.1767675e-07	1.1669747e-07	1.842432e-07	1.7569075e-07	1.7471147e-07	3.208772e-07	3.1232475e-07	3.1134547e-07	2.2104320000000001e-07	2.1249075e-07	2.1151147e-07	1.132142e-07	1.0466175e-07	1.0368247e-07	2.2104320000000001e-07	2.1249075e-07	2.1151147e-07	1.7524520000000002e-07	1.6669275000000002e-07	1.6571347e-07	2.9060619999999996e-07	2.8205374999999996e-07	2.8107447e-07	1.6691820000000002e-07	1.5836575000000002e-07	1.5738647000000001e-07
14000.0	1.5706378e-07	1.5019727e-07	1.4945221e-07	2.1018578e-07	2.0331927e-07	2.0257421e-07	4.1761378e-07	4.1074727e-07	4.1000221e-07	2.5315978e-07	2.4629327e-07	2.4554821000000004e-07	1.3490778e-07	1.2804127e-07	1.2729621e-07	2.5315978e-07	2.4629327e-07	2.4554821000000004e-07	2.1508178e-07	2.0821527e-07	2.0747020999999999e-07	3.4232578e-07	3.3545927e-07	3.3471421000000004e-07	2.0371878e-07	1.9685227e-07	1.9610721e-07
14500.0	1.9797114e-07	1.9237563e-07	1.91800352e-07	2.4174714e-07	2.3615163000000002e-07	2.35576352e-07	5.0169314e-07	4.9609763e-07	4.955223519999999e-07	2.8675814e-07	2.8116263e-07	2.8058735200000003e-07	1.6348714e-07	1.5789163e-07	1.5731635199999998e-07	2.8675814e-07	2.8116263e-07	2.8058735200000003e-07	3.1512114e-07	3.0952563e-07	3.0895035200000003e-07	3.9908313999999995e-07	3.9348763e-07	3.92912352e-07	2.5015513999999996e-07	2.4455963e-07	2.43984352e-07
15000.0	2.5041130999999996e-07	2.4578742e-07	2.4533648899999997e-07	2.7916831e-07	2.7454442e-07	2.74093489e-07	5.2656531e-07	5.2194142e-07	5.21490489e-07	3.2143131e-07	3.1680742e-07	3.16356489e-07	2.0031831000000002e-07	1.9569442000000002e-07	1.95243489e-07	3.2143131e-07	3.1680742e-07	3.16356489e-07	4.2542931e-07	4.2080542000000003e-07	4.20354489e-07	4.5448631e-07	4.4986242e-07	4.49411489e-07	3.0391031e-07	2.9928642e-07	2.98835489e-07
15500.0	3.1429236000000003e-07	3.1042239000000004e-07	3.10063795e-07	3.2210036e-07	3.1823039e-07	3.1787179499999997e-07	5.3124436e-07	5.2737439e-07	5.27015795e-07	3.5343236e-07	3.4956239e-07	3.49203795e-07	2.4656936e-07	2.4269939000000003e-07	2.42340795e-07	3.5343236e-07	3.4956239e-07	3.49203795e-07	4.2316936e-07	4.1929939e-07	4.18940795e-07	4.999313599999999e-07	4.960613899999999e-07	4.957027949999999e-07	3.6193236e-07	3.5806239e-07	3.57703795e-07
16000.0	3.8576226e-07	3.8248595499999997e-07	3.821969e-07	3.6900226e-07	3.6572595499999997e-07	3.654369e-07	5.115802600000001e-07	5.08303955e-07	5.080149e-07	3.7566326e-07	3.72386955e-07	3.720979e-07	3.0229725999999996e-07	2.9902095499999996e-07	2.987319e-07	3.7566326e-07	3.72386955e-07	3.720979e-07	3.8190826e-07	3.78631955e-07	3.783429e-07	5.2806026e-07	5.24783955e-07	5.244948999999999e-07	4.1512826e-07	4.1185195499999997e-07	4.115629e-07
16500.0	4.5497637e-07	4.52174058e-07	4.51938142e-07	4.1642736999999997e-07	4.13625058e-07	4.13389142e-07	4.6995137e-07	4.67149058e-07	4.66913142e-07	3.9509637e-07	3.9229405800000003e-07	3.92058142e-07	3.6477137e-07	3.6196905800000003e-07	3.61733142e-07	3.9509637e-07	3.9229405800000003e-07	3.92058142e-07	3.6248337e-07	3.5968105800000003e-07	3.59445142e-07	5.3656437e-07	5.33762058e-07	5.33526142e-07	4.5659337e-07	4.53791058e-07	4.53555142e-07
17000.0	5.069388099999999e-07	5.04519818e-07	5.043250619999999e-07	4.5863581000000003e-07	4.56216818e-07	4.56022062e-07	4.5367681000000005e-07	4.51257818e-07	4.51063062e-07	4.1160881000000004e-07	4.09189818e-07	4.08995062e-07	4.2648781e-07	4.2406881799999996e-07	4.2387406199999996e-07	4.1160881000000004e-07	4.09189818e-07	4.08995062e-07	3.5835281e-07	3.5593381799999996e-07	3.5573906199999997e-07	5.270568099999999e-07	5.24637818e-07	5.244430619999999e-07	4.8707081e-07	4.84651818e-07	4.84457062e-07
17500.0	5.2826285e-07	5.2615752e-07	5.25995062e-07	4.883158500000001e-07	4.8621052e-07	4.86048062e-07	4.5657385e-07	4.5446852e-07	4.54306062e-07	4.1918985e-07	4.1708452e-07	4.16922062e-07	4.7492485e-07	4.7281952e-07	4.72657062e-07	4.1918985e-07	4.1708452e-07	4.16922062e-07	3.5517785e-07	3.5307252e-07	3.52910062e-07	5.0315185e-07	5.0104652e-07	5.00884062e-07	5.0566785e-07	5.0356252e-07	5.03400062e-07
18000.0	5.1580187e-07	5.13955972e-07	5.1381916e-07	4.989378699999999e-07	4.97091972e-07	4.969551599999999e-07	4.5329487000000004e-07	4.51448972e-07	4.5131216000000004e-07	4.2319687e-07	4.21350972e-07	4.2121416e-07	4.9702487e-07	4.95178972e-07	4.9504216e-07	4.2319687e-07	4.21350972e-07	4.2121416e-07	3.4999087e-07	3.48144972e-07	3.4800816e-07	4.6908087e-07	4.6723497199999997e-07	4.6709816e-07	5.123628699999999e-07	5.10516972e-07	5.103801599999999e-07
18500.0	4.7789629e-07	4.7626705199999996e-07	4.76150832e-07	4.8783429e-07	4.86205052e-07	4.86088832e-07	4.3272329e-07	4.3109405199999996e-07	4.30977832e-07	4.2630429e-07	4.2467505199999996e-07	4.24558832e-07	4.8719029e-07	4.85561052e-07	4.85444832e-07	4.2630429e-07	4.2467505199999996e-07	4.24558832e-07	3.4988929000000004e-07	3.48260052e-07	3.48143832e-07	4.2968729e-07	4.2805805199999996e-07	4.27941832e-07	5.0306629e-07	5.01437052e-07	5.01320832e-07
19000.0	4.2740905999999997e-07	4.2596240299999997e-07	4.2586288799999997e-07	4.5767506e-07	4.56228403e-07	4.56128888e-07	4.0594906e-07	4.04502403e-07	4.04402888e-07	4.2537805999999997e-07	4.2393140299999997e-07	4.2383188799999997e-07	4.5101905999999995e-07	4.4957240299999995e-07	4.4947288799999996e-07	4.2537805999999997e-07	4.2393140299999997e-07	4.2383188799999997e-07	3.5477405999999995e-07	3.5332740299999995e-07	3.5322788799999996e-07	3.8903505999999997e-07	3.8758840299999997e-07	3.87488888e-07	4.7481906e-07	4.73372403e-07	4.73272888e-07
19500.0	3.748248e-07	3.73533228e-07	3.73447393e-07	4.149728e-07	4.13681228e-07	4.13595393e-07	3.733988e-07	3.7210722799999996e-07	3.72021393e-07	4.191098e-07	4.17818228e-07	4.17732393e-07	4.005428e-07	3.99251228e-07	3.99165393e-07	4.191098e-07	4.17818228e-07	4.17732393e-07	3.576988e-07	3.56407228e-07	3.5632139300000003e-07	3.500668e-07	3.48775228e-07	3.48689393e-07	4.315998e-07	4.3030822799999997e-07	4.30222393e-07
20000.0	3.2606996999999995e-07	3.24911133e-07	3.248366e-07	3.6700597e-07	3.6584713300000004e-07	3.6577260000000003e-07	3.3194296999999997e-07	3.30784133e-07	3.307096e-07	4.0766496999999996e-07	4.06506133e-07	4.064316e-07	3.4690196999999996e-07	3.45743133e-07	3.456686e-07	4.0766496999999996e-07	4.06506133e-07	4.064316e-07	3.5336696999999996e-07	3.52208133e-07	3.521336e-07	3.1398897e-07	3.1283013300000004e-07	3.1275560000000003e-07	3.8146997e-07	3.8031113300000003e-07	3.802366e-07
20500.0	2.8347151e-07	2.82427034e-07	2.82361913e-07	3.1945951e-07	3.18415034e-07	3.18349913e-07	2.9285251000000003e-07	2.9180803400000003e-07	2.91742913e-07	3.8991151e-07	3.88867034e-07	3.88801913e-07	2.9690551e-07	2.95861034e-07	2.95795913e-07	3.8991151e-07	3.88867034e-07	3.88801913e-07	3.4203251e-07	3.40988034e-07	3.40922913e-07	2.8088251e-07	2.79838034e-07	2.79772913e-07	3.3032251e-07	3.29278034e-07	3.29212913e-07
21000.0	2.4733239e-07	2.4638707e-07	2.46329848e-07	2.7571439e-07	2.7476907e-07	2.74711848e-07	2.5933239e-07	2.5838707e-07	2.58329848e-07	3.6567239e-07	3.6472706999999997e-07	3.64669848e-07	2.5339139000000003e-07	2.5244607e-07	2.52388848e-07	3.6567239e-07	3.6472706999999997e-07	3.64669848e-07	3.2698739e-07	3.2604206999999996e-07	3.2598484799999997e-07	2.5048539e-07	2.4954007e-07	2.49482848e-07	2.8422639000000003e-07	2.8328107e-07	2.83223848e-07
21500.0	2.1706342e-07	2.16204558e-07	2.16154011e-07	2.3722542e-07	2.36366558e-07	2.36316011e-07	2.2929842e-07	2.28439558e-07	2.28389011e-07	3.3711242e-07	3.36253558e-07	3.36203011e-07	2.1681942000000002e-07	2.1596055800000002e-07	2.1591001100000002e-07	3.3711242e-07	3.36253558e-07	3.36203011e-07	3.1083142e-07	3.09972558e-07	3.09922011e-07	2.2261942e-07	2.21760558e-07	2.21710011e-07	2.4413042e-07	2.4327155799999997e-07	2.43221011e-07
22000.0	1.9179502e-07	1.91011948e-07	1.9096707599999998e-07	2.0423202000000002e-07	2.03448948e-07	2.03404076e-07	2.0170602e-07	2.00922948e-07	2.00878076e-07	3.0674502e-07	3.0596194800000005e-07	3.05917076e-07	1.8656602e-07	1.8578294799999999e-07	1.8573807599999998e-07	3.0674502e-07	3.0596194800000005e-07	3.05917076e-07	2.9520902e-07	2.9442594800000004e-07	2.94381076e-07	1.9762902000000002e-07	1.96845948e-07	1.96801076e-07	2.1098702e-07	2.10203948e-07	2.1015907599999998e-07
22500.0	1.70662097e-07	1.69945791e-07	1.69905777e-07	1.7634309700000001e-07	1.75626791e-07	1.75586777e-07	1.74819097e-07	1.74102791e-07	1.74062777e-07	2.76302097e-07	2.75585791e-07	2.75545777e-07	1.6166309700000002e-07	1.60946791e-07	1.60906777e-07	2.76302097e-07	2.75585791e-07	2.75545777e-07	2.80379097e-07	2.79662791e-07	2.79622777e-07	1.7560009700000002e-07	1.74883791e-07	1.74843777e-07	1.8288609700000002e-07	1.82169791e-07	1.8212977700000002e-07
23000.0	1.52902948e-07	1.52245725e-07	1.5220989e-07	1.52918948e-07	1.52261725e-07	1.5222589e-07	1.52625948e-07	1.51968725e-07	1.5193289e-07	2.4682294800000004e-07	2.4616572500000004e-07	2.4612989e-07	1.41139948e-07	1.40482725e-07	1.4044689e-07	2.4682294800000004e-07	2.4616572500000004e-07	2.4612989e-07	2.6668594800000003e-07	2.6602872500000004e-07	2.6599289e-07	1.56442948e-07	1.55785725e-07	1.5574989e-07	1.59824948e-07	1.59167725e-07	1.5913189e-07
23500.0	1.37886166e-07	1.37281447e-07	1.37249228e-07	1.33273166e-07	1.3266844700000001e-07	1.32636228e-07	1.36426166e-07	1.3582144700000002e-07	1.35789228e-07	2.1900016599999998e-07	2.18395447e-07	2.18363228e-07	1.24148166e-07	1.2354344700000002e-07	1.23511228e-07	2.1900016599999998e-07	2.18395447e-07	2.18363228e-07	2.54215166e-07	2.53610447e-07	2.53578228e-07	1.39896166e-07	1.39291447e-07	1.39259228e-07	1.40763166e-07	1.40158447e-07	1.40126228e-07
24000.0	1.2509858499999998e-07	1.24540708e-07	1.24511633e-07	1.16772585e-07	1.16214708e-07	1.16185633e-07	1.21794585e-07	1.2123670800000002e-07	1.21207633e-07	1.93179585e-07	1.9262170800000002e-07	1.92592633e-07	1.09990585e-07	1.09432708e-07	1.09403633e-07	1.93179585e-07	1.9262170800000002e-07	1.92592633e-07	2.38543585e-07	2.3798570800000002e-07	2.37956633e-07	1.2587158499999998e-07	1.25313708e-07	1.25284633e-07	1.24743585e-07	1.2418570800000002e-07	1.24156633e-07
24500.0	1.14132233e-07	1.13616302e-07	1.13589971e-07	1.02865233e-07	1.02349302e-07	1.02322971e-07	1.09078233e-07	1.08562302e-07	1.08535971e-07	1.69707233e-07	1.69191302e-07	1.69164971e-07	9.8110033e-08	9.759410199999999e-08	9.7567771e-08	1.69707233e-07	1.69191302e-07	1.69164971e-07	2.19754233e-07	2.19238302e-07	2.19211971e-07	1.1376123300000001e-07	1.13245302e-07	1.13218971e-07	1.10639233e-07	1.10123302e-07	1.10096971e-07
25000.0	1.04662296e-07	1.04184053e-07	1.0416013e-07	9.109179600000001e-08	9.0613553e-08	9.058963e-08	1.00529596e-07	1.00051353e-07	1.0002743e-07	1.4892929599999998e-07	1.48451053e-07	1.4842713e-07	8.8064796e-08	8.7586553e-08	8.756263e-08	1.4892929599999998e-07	1.48451053e-07	1.4842713e-07	2.0296629599999998e-07	2.02488053e-07	2.0246413e-07	1.03392296e-07	1.02914053e-07	1.0289013e-07	9.9575496e-08	9.9097253e-08	9.907333e-08
25500.0	9.6426883e-08	9.598261400000001e-08	9.59608128e-08	8.1074783e-08	8.0630514e-08	8.060871279999999e-08	9.4675083e-08	9.4230814e-08	9.42090128e-08	1.3093108299999998e-07	1.3048681399999998e-07	1.304650128e-07	7.9508583e-08	7.9064314e-08	7.904251279999999e-08	1.3093108299999998e-07	1.3048681399999998e-07	1.304650128e-07	1.88091083e-07	1.87646814e-07	1.8762501280000002e-07	9.4501483e-08	9.4057214e-08	9.40354128e-08	8.9904483e-08	8.9460214e-08	8.94384128e-08
26000.0	8.9220012e-08	8.8806461e-08	8.87865351e-08	7.250681200000001e-08	7.2093261e-08	7.20733351e-08	8.8911312e-08	8.8497761e-08	8.84778351e-08	1.1562601200000001e-07	1.15212461e-07	1.1519253510000001e-07	7.216811200000001e-08	7.1754561e-08	7.173463510000001e-08	1.1562601200000001e-07	1.15212461e-07	1.1519253510000001e-07	1.74955012e-07	1.74541461e-07	1.745215351e-07	8.6768912e-08	8.6355361e-08	8.63354351e-08	8.153001200000001e-08	8.1116461e-08	8.10965351e-08
26500.0	8.2873985e-08	8.2488286e-08	8.24700254e-08	6.5138785e-08	6.475308599999999e-08	6.47348254e-08	8.2917085e-08	8.2531386e-08	8.25131254e-08	1.02667585e-07	1.02281886e-07	1.022636254e-07	6.5827585e-08	6.5441886e-08	6.54236254e-08	1.02667585e-07	1.02281886e-07	1.022636254e-07	1.63383585e-07	1.62997886e-07	1.629796254e-07	8.0089385e-08	7.9703686e-08	7.96854254e-08	7.4390685e-08	7.4004986e-08	7.39867254e-08
27000.0	7.7253775e-08	7.68934001e-08	7.68766215e-08	5.8769275e-08	5.84089001e-08	5.83921215e-08	7.6700375e-08	7.63400001e-08	7.63232215e-08	9.1792775e-08	9.14324001e-08	9.141562149999999e-08	6.0315175e-08	5.99548001e-08	5.993802149999999e-08	9.1792775e-08	9.14324001e-08	9.141562149999999e-08	1.53202375e-07	1.528420001e-07	1.528252215e-07	7.4263175e-08	7.39028001e-08	7.388602149999999e-08	6.8156875e-08	6.77965001e-08	6.77797215e-08
27500.0	7.224951700000001e-08	7.191222320000001e-08	7.18967691e-08	5.3234416999999996e-08	5.28971232e-08	5.2881669099999995e-08	6.9974917e-08	6.96376232e-08	6.96221691e-08	8.2560517e-08	8.22232232e-08	8.22077691e-08	5.5493617e-08	5.5156323200000005e-08	5.51408691e-08	8.2560517e-08	8.22232232e-08	8.22077691e-08	1.4423901699999998e-07	1.4390172319999998e-07	1.438862691e-07	6.9168317e-08	6.88310232e-08	6.881556909999999e-08	6.2732417e-08	6.23951232e-08	6.237966909999999e-08
28000.0	6.7771093e-08	6.745488829999999e-08	6.744062129999999e-08	4.8401192999999996e-08	4.80849883e-08	4.80707213e-08	6.355559300000001e-08	6.32393883e-08	6.32251213e-08	7.474469300000001e-08	7.44284883e-08	7.44142213e-08	5.1252193e-08	5.09359883e-08	5.09217213e-08	7.474469300000001e-08	7.44284883e-08	7.44142213e-08	1.3623319299999999e-07	1.359169883e-07	1.359027213e-07	6.468319300000001e-08	6.43669883e-08	6.43527213e-08	5.7900393e-08	5.75841883e-08	5.75699213e-08
28500.0	6.3744328e-08	6.34474364e-08	6.34342366e-08	4.4160728e-08	4.38638364e-08	4.38506366e-08	5.8474228e-08	5.81773364e-08	5.81641366e-08	6.805872800000001e-08	6.77618364e-08	6.77486366e-08	4.7501227999999996e-08	4.72043364e-08	4.7191136599999996e-08	6.805872800000001e-08	6.77618364e-08	6.77486366e-08	1.29095628e-07	1.287987364e-07	1.287855366e-07	6.0686028e-08	6.03891364e-08	6.03759366e-08	5.3677628e-08	5.33807364e-08	5.33675366e-08
29000.0	6.0107685e-08	5.98285167e-08	5.98162788e-08	4.0423485e-08	4.01443167e-08	4.0132078800000004e-08	5.4158285e-08	5.38791167e-08	5.38668788e-08	6.2276885e-08	6.19977167e-08	6.198547880000001e-08	4.4167485e-08	4.3888316699999996e-08	4.38760788e-08	6.2276885e-08	6.19977167e-08	6.198547880000001e-08	1.22741085e-07	1.224619167e-07	1.224496788e-07	5.7124685000000006e-08	5.68455167e-08	5.6833278800000006e-08	4.9855985000000005e-08	4.95768167e-08	4.9564578800000005e-08
29500.0	5.6809754000000005e-08	5.6546884400000006e-08	5.65355159e-08	3.7115754e-08	3.68528844e-08	3.6841515899999996e-08	4.9583754000000003e-08	4.9320884400000005e-08	4.93095159e-08	5.7216654000000004e-08	5.69537844e-08	5.69424159e-08	4.1190754e-08	4.0927884400000004e-08	4.09165159e-08	5.7216654000000004e-08	5.69537844e-08	5.69424159e-08	1.16996354e-07	1.167334844e-07	1.1672211590000001e-07	5.3920654e-08	5.3657784399999994e-08	5.3646415899999995e-08	4.6530654000000004e-08	4.6267784400000005e-08	4.62564159e-08
30000.0	5.3807452e-08	5.35596005e-08	5.3549019899999997e-08	3.4176352e-08	3.39285005e-08	3.39179199e-08	4.4976252e-08	4.47284005e-08	4.47178199e-08	5.2713252e-08	5.24654005e-08	5.2454819899999996e-08	3.8521152e-08	3.82733005e-08	3.82627199e-08	5.2713252e-08	5.24654005e-08	5.2454819899999996e-08	1.11859252e-07	1.1161140049999999e-07	1.116008199e-07	5.1039252e-08	5.07914005e-08	5.07808199e-08	4.3519052e-08	4.32712005e-08	4.3260619899999996e-08
