Energy	E1_1 M1_1	E1_1 M1_2	E1_1 M1_3	E1_2 M1_1	E1_2 M1_2	E1_2 M1_3	E1_3 M1_1	E1_3 M1_2	E1_3 M1_3	E1_4 M1_1	E1_4 M1_2	E1_4 M1_3	E1_5 M1_1	E1_5 M1_2	E1_5 M1_3	E1_6 M1_1	E1_6 M1_2	E1_6 M1_3	E1_7 M1_1	E1_7 M1_2	E1_7 M1_3	E1_8 M1_1	E1_8 M1_2	E1_8 M1_3	E1_9 M1_1	E1_9 M1_2	E1_9 M1_3
2.0	1.55689165e-09	1.5559803290000001e-09	1.2732140000000001e-08	8.03677e-12	7.1254489999999995e-12	1.1183285120000001e-08	1.15165e-12	2.40329e-13	1.11764e-08	1.15165e-12	2.40329e-13	1.11764e-08	9.39448165e-09	9.393570329e-09	2.0569729999999998e-08	1.15165e-12	2.40329e-13	1.11764e-08	1.15165e-12	2.40329e-13	1.11764e-08	1.21651165e-09	1.215600329e-09	1.239176e-08	1.15165e-12	2.40329e-13	1.11764e-08
5.0	1.5564591299999999e-09	1.5541808229999999e-09	1.270408e-08	2.0091929999999998e-11	1.7813623e-11	1.1167712799999999e-08	2.87913e-12	6.00823e-13	1.11505e-08	2.87913e-12	6.00823e-13	1.11505e-08	9.393659130000001e-09	9.391380823e-09	2.0541280000000002e-08	2.87913e-12	6.00823e-13	1.11505e-08	2.87913e-12	6.00823e-13	1.11505e-08	1.21777913e-09	1.215500823e-09	1.23654e-08	2.87913e-12	6.00823e-13	1.11505e-08
10.0	1.55574828e-09	1.55119165e-09	1.265749e-08	4.018388e-11	3.562725e-11	1.1141925600000001e-08	5.75828e-12	1.20165e-12	1.11075e-08	5.75828e-12	1.20165e-12	1.11075e-08	9.39230828e-09	9.38775165e-09	2.049405e-08	5.75828e-12	1.20165e-12	1.11075e-08	5.75828e-12	1.20165e-12	1.11075e-08	1.2198982799999999e-09	1.21534165e-09	1.232164e-08	5.75828e-12	1.20165e-12	1.11075e-08
20.0	1.5542965999999998e-09	1.5451833099999999e-09	1.256478e-08	8.03679e-11	7.125461e-11	1.1090851299999999e-08	1.15166e-11	2.40331e-12	1.1022e-08	1.15166e-11	2.40331e-12	1.1022e-08	9.3896266e-09	9.38051331e-09	2.040011e-08	1.15166e-11	2.40331e-12	1.1022e-08	1.15166e-11	2.40331e-12	1.1022e-08	1.2241165999999999e-09	1.21500331e-09	1.22346e-08	1.15166e-11	2.40331e-12	1.1022e-08
50.0	1.5498925e-09	1.52710848e-09	1.22908e-08	2.009225e-10	1.7813848e-10	1.094183e-08	2.87925e-11	6.00848e-12	1.07697e-08	2.87925e-11	6.00848e-12	1.07697e-08	9.3818225e-09	9.35903848e-09	2.012273e-08	2.87925e-11	6.00848e-12	1.07697e-08	2.87925e-11	6.00848e-12	1.07697e-08	1.2367625e-09	1.2139784799999998e-09	1.197767e-08	2.87925e-11	6.00848e-12	1.07697e-08
100.0	1.5422923e-09	1.4967185000000001e-09	1.18476e-08	4.018673e-10	3.562935e-10	1.0707174999999999e-08	5.75923e-11	1.20185e-11	1.03629e-08	5.75923e-11	1.20185e-11	1.03629e-08	9.3695723e-09	9.323998499999999e-09	1.9674879999999997e-08	5.75923e-11	1.20185e-11	1.03629e-08	5.75923e-11	1.20185e-11	1.03629e-08	1.2577522999999998e-09	1.2121785e-09	1.156306e-08	5.75923e-11	1.20185e-11	1.03629e-08
200.0	1.526242e-09	1.435049e-09	1.100954e-08	8.03904e-10	7.12711e-10	1.0287202e-08	1.1953978e-10	2.834678e-11	9.60283778e-09	3.80311e-10	2.89118e-10	9.863609e-09	9.347902e-09	9.256709e-09	1.88312e-08	1.950132e-09	1.858939e-09	1.1433429999999999e-08	5.84017e-10	4.92824e-10	1.0067315e-08	1.3145119999999999e-09	1.223319e-09	1.0797809999999999e-08	1.940832e-10	1.028902e-10	9.677381199999999e-09
300.0	1.509128e-09	1.3722237e-09	1.023161e-08	1.206288e-09	1.0693837e-09	9.92877e-09	1.8267923999999998e-10	4.577494e-11	8.90516124e-09	4.58547e-10	3.216427e-10	9.181029e-09	9.330038e-09	9.1931337e-09	1.8052520000000002e-08	1.521068e-09	1.3841637e-09	1.0243550000000001e-08	5.17416e-10	3.805117e-10	9.239898000000001e-09	1.371858e-09	1.2349537000000001e-09	1.009434e-08	2.649933e-10	1.28089e-10	8.9874753e-09
400.0	1.4910879999999998e-09	1.3083348e-09	9.50939e-09	1.6091779999999998e-09	1.4264248e-09	9.62748e-09	2.481567e-10	6.54035e-11	8.2664587e-09	5.38431e-10	3.556778e-10	8.556733e-09	9.316018000000001e-09	9.133264800000001e-09	1.733432e-08	1.3451580000000001e-09	1.1624048000000001e-09	9.36346e-09	5.205859999999999e-10	3.3783279999999997e-10	8.538888e-09	1.4338180000000001e-09	1.2510648e-09	9.45212e-09	3.37422e-10	1.546688e-10	8.355724e-09
500.0	1.4722310000000001e-09	1.2434443000000001e-09	8.83877e-09	2.012761e-09	1.7839743000000001e-09	9.3793e-09	3.160269e-10	8.72402e-11	7.6825659e-09	6.20111e-10	3.913243e-10	7.98665e-09	9.305871000000001e-09	9.0770843e-09	1.667241e-08	1.2700920000000001e-09	1.0413053000000002e-09	8.636631e-09	5.33516e-10	3.0472930000000003e-10	7.900055e-09	1.500641e-09	1.2718543e-09	8.86718e-09	4.1185e-10	1.830633e-10	7.778389e-09
600.0	1.452676e-09	1.1776249e-09	8.21595e-09	2.417196e-09	2.1421448999999997e-09	9.18047e-09	3.863662e-10	1.113151e-10	7.1496402e-09	7.03556e-10	4.2850490000000003e-10	7.46683e-09	9.299625999999999e-09	9.0245749e-09	1.6062899999999998e-08	1.245683e-09	9.706319e-10	8.008957e-09	5.60227e-10	2.8517590000000003e-10	7.323501e-09	1.572516e-09	1.2974649e-09	8.33579e-09	4.88315e-10	2.132639e-10	7.251589e-09
700.0	1.432563e-09	1.1109688e-09	7.63752e-09	2.822663e-09	2.5010688e-09	9.027620000000001e-09	4.592432e-10	1.37649e-10	6.6642002e-09	7.88914e-10	4.673198e-10	6.993871e-09	9.297353e-09	8.975758800000001e-09	1.550231e-08	1.250524e-09	9.289298e-10	7.455481e-09	5.96117e-10	2.7452279999999996e-10	6.8010740000000004e-09	1.649703e-09	1.3281088000000001e-09	7.85466e-09	5.6616e-10	2.445658e-10	6.771117e-09
800.0	1.411988e-09	1.0435249e-09	7.100306e-09	3.229352e-09	2.8608889e-09	8.91767e-09	5.347271e-10	1.6626399999999999e-10	6.2230451e-09	8.76246e-10	5.077829e-10	6.5645639999999995e-09	9.299062e-09	8.9305989e-09	1.498738e-08	1.273677e-09	9.052139e-10	6.961995e-09	6.38406e-10	2.699429e-10	6.326724e-09	1.732282e-09	1.3638189e-09	7.4206e-09	6.4696e-10	2.7849689999999996e-10	6.3352779999999994e-09
900.0	1.391088e-09	9.75381e-10	6.601453e-09	3.6374149999999997e-09	3.221708e-09	8.84778e-09	6.129396e-10	1.972326e-10	5.8233046000000006e-09	9.65613e-10	5.49906e-10	6.175978000000001e-09	9.304825e-09	8.889117999999999e-09	1.4515189999999999e-08	1.309882e-09	8.94175e-10	6.520247000000001e-09	6.86534e-10	2.7082699999999996e-10	5.896899000000001e-09	1.820295e-09	1.404588e-09	7.03066e-09	7.313860000000001e-10	3.15679e-10	5.941751e-09
1000.0	1.3699839999999999e-09	9.066069999999999e-10	6.138398e-09	4.047046e-09	3.583669e-09	8.81546e-09	6.93824e-10	2.30447e-10	5.462237999999999e-09	1.057079e-09	5.937019999999999e-10	5.825492999999999e-09	9.314686e-09	8.851309e-09	1.40831e-08	1.357604e-09	8.94227e-10	6.126018e-09	7.400770000000001e-10	2.767e-10	5.508491e-09	1.913956e-09	1.4505789999999999e-09	6.6823699999999995e-09	8.19236e-10	3.55859e-10	5.5876499999999994e-09
1100.0	1.348797e-09	8.37274e-10	5.708788e-09	4.458429e-09	3.946906e-09	8.818420000000001e-09	7.77653e-10	2.6613e-10	5.137644e-09	1.150883e-09	6.3936e-10	5.510874e-09	9.328689e-09	8.817166e-09	1.368868e-08	1.412481e-09	9.009579999999999e-10	5.772472e-09	7.9648e-10	2.84957e-10	5.156471e-09	2.013289e-09	1.501766e-09	6.37328e-09	9.10814e-10	3.99291e-10	5.270805e-09
1200.0	1.327654e-09	7.67457e-10	5.310565e-09	4.871739e-09	4.3115419999999996e-09	8.85465e-09	8.644030000000001e-10	3.04206e-10	4.8473139999999995e-09	1.246914e-09	6.86717e-10	5.229825e-09	9.346909e-09	8.786712e-09	1.332982e-08	1.4726650000000001e-09	9.124679999999999e-10	5.455576e-09	8.55251e-10	2.95054e-10	4.8381619999999996e-09	2.118449e-09	1.558252e-09	6.10136e-09	1.005569e-09	4.45372e-10	4.98848e-09
1300.0	1.3066799999999999e-09	6.972280000000001e-10	4.9419170000000005e-09	5.287163e-09	4.677711e-09	8.9224e-09	9.54143e-10	3.44691e-10	4.58938e-09	1.345415e-09	7.359629999999999e-10	4.980652e-09	9.369393e-09	8.759941e-09	1.300463e-08	1.536573e-09	9.271209999999999e-10	5.1718100000000006e-09	9.157799999999999e-10	3.06328e-10	4.551017e-09	2.2295529999999997e-09	1.620101e-09	5.864790000000001e-09	1.103668e-09	4.942159999999999e-10	4.738905000000001e-09
1400.0	1.286003e-09	6.2666e-10	4.601272e-09	5.7048910000000005e-09	5.045548000000001e-09	9.02016e-09	1.047115e-09	3.87772e-10	4.362384e-09	1.4463659999999998e-09	7.87023e-10	4.761635e-09	9.396221e-09	8.736878e-09	1.2711490000000001e-08	1.603284e-09	9.439409999999999e-10	4.918553e-09	9.77225e-10	3.17882e-10	4.292494e-09	2.346681e-09	1.687338e-09	5.66195e-09	1.205104e-09	5.45761e-10	4.520373e-09
1500.0	1.265755e-09	5.55829e-10	4.287301e-09	6.125124e-09	5.415198e-09	9.14667e-09	1.1432179999999999e-09	4.33292e-10	4.164764e-09	1.550016e-09	8.400899999999999e-10	4.571562e-09	9.427464e-09	8.717538e-09	1.2449010000000001e-08	1.6713970000000001e-09	9.61471e-10	4.6929429999999994e-09	1.03979e-09	3.29864e-10	4.0613359999999995e-09	2.469984e-09	1.760058e-09	5.4915299999999995e-09	1.3085750000000001e-09	5.98649e-10	4.330121e-09
1600.0	1.2460669999999999e-09	4.84807e-10	3.9989420000000005e-09	6.548045e-09	5.786785e-09	9.30092e-09	1.2426970000000001e-09	4.81437e-10	3.995572e-09	1.656347e-09	8.95087e-10	4.4092220000000004e-09	9.463185000000001e-09	8.701925e-09	1.2216060000000001e-08	1.7390150000000001e-09	9.77755e-10	4.49189e-09	1.1025890000000001e-09	3.41329e-10	3.855464e-09	2.599615e-09	1.838355e-09	5.35249e-09	1.414586e-09	6.53326e-10	4.167461e-09
1700.0	1.227074e-09	4.1367e-10	3.735414e-09	6.97387e-09	6.160466e-09	9.48221e-09	1.3456290000000001e-09	5.32225e-10	3.853969e-09	1.765524e-09	9.5212e-10	4.273864e-09	9.50348e-09	8.690076e-09	1.2011819999999999e-08	1.827333e-09	1.0139290000000001e-09	4.335673e-09	1.177062e-09	3.63658e-10	3.685402e-09	2.73577e-09	1.922366e-09	5.24411e-09	1.5317200000000002e-09	7.18316e-10	4.04006e-09
1800.0	1.208917e-09	3.42494e-10	3.496217e-09	7.40278e-09	6.536357e-09	9.69008e-09	1.4520940000000001e-09	5.85671e-10	3.739394e-09	1.877801e-09	1.011378e-09	4.165101e-09	9.54842e-09	8.681997e-09	1.1835720000000001e-08	1.914429e-09	1.048006e-09	4.201729e-09	1.2544590000000001e-09	3.88036e-10	3.541759e-09	2.87846e-09	2.012037e-09	5.16576e-09	1.651226e-09	7.848029999999999e-10	3.938526e-09
1900.0	1.2339123999999999e-09	3.1353740000000003e-10	3.3233123999999997e-09	7.83501e-09	6.9146350000000005e-09	9.92441e-09	1.562255e-09	6.418800000000001e-10	3.651655e-09	1.993166e-09	1.0727909999999999e-09	4.082566e-09	9.59811e-09	8.677735e-09	1.1687510000000001e-08	1.993166e-09	1.0727909999999999e-09	4.082566e-09	1.332662e-09	4.12287e-10	3.422062e-09	3.02841e-09	2.108035e-09	5.11781e-09	1.770077e-09	8.49702e-10	3.859477e-09
2000.0	1.3153352e-09	3.400032e-10	3.2299751999999998e-09	8.27075e-09	7.295418e-09	1.018539e-08	1.6762019999999999e-09	7.008700000000001e-10	3.5908419999999998e-09	2.112055e-09	1.1367230000000001e-09	4.026695e-09	9.652629999999998e-09	8.677298e-09	1.1567269999999999e-08	2.112055e-09	1.1367230000000001e-09	4.026695e-09	1.419459e-09	4.44127e-10	3.334099e-09	3.18505e-09	2.209718e-09	5.09969e-09	1.906576e-09	9.31244e-10	3.821216e-09
2200.0	1.486343e-09	3.9781400000000003e-10	3.1224229999999998e-09	9.15366e-09	8.065131e-09	1.078974e-08	1.916136e-09	8.276070000000001e-10	3.552216e-09	2.360057e-09	1.271528e-09	3.996137e-09	9.7766e-09	8.688071000000001e-09	1.141268e-08	2.360057e-09	1.271528e-09	3.996137e-09	1.610995e-09	5.224659999999999e-10	3.247075e-09	3.5216199999999997e-09	2.433091e-09	5.157699999999999e-09	2.1956039999999998e-09	1.107075e-09	3.831683999999999e-09
2400.0	1.6693979999999998e-09	4.6278000000000003e-10	3.126698e-09	1.005334e-08	8.846722e-09	1.151064e-08	2.173008e-09	9.6639e-10	3.630308e-09	2.62291e-09	1.416292e-09	4.08021e-09	9.921239999999999e-09	8.714622e-09	1.137854e-08	2.62291e-09	1.416292e-09	4.08021e-09	1.8528609999999999e-09	6.46243e-10	3.310161e-09	3.89042e-09	2.683802e-09	5.34772e-09	2.5058189999999996e-09	1.299201e-09	3.963119e-09
2600.0	1.865951e-09	5.35722e-10	3.249451e-09	1.0971709999999999e-08	9.641481e-09	1.235521e-08	2.447961e-09	1.1177319999999998e-09	3.831461e-09	2.90403e-09	1.573801e-09	4.28753e-09	1.008753e-08	8.757301e-09	1.147103e-08	2.90403e-09	1.573801e-09	4.28753e-09	2.127033e-09	7.96804e-10	3.510533e-09	4.29304e-09	2.962811e-09	5.67654e-09	2.84071e-09	1.510481e-09	4.22421e-09
2800.0	2.077584e-09	6.17507e-10	3.478854e-09	1.1910819999999999e-08	1.0450743e-08	1.331209e-08	2.742851e-09	1.282774e-09	4.144121e-09	3.2068999999999998e-09	1.746823e-09	4.60817e-09	1.02766e-08	8.816523e-09	1.167787e-08	3.2068999999999998e-09	1.746823e-09	4.60817e-09	2.3194869999999997e-09	8.5941e-10	3.720757e-09	4.7339e-09	3.273823e-09	6.13517e-09	3.19475e-09	1.734673e-09	4.59602e-09
3000.0	2.305994e-09	7.09059e-10	3.746194e-09	1.287277e-08	1.1275835e-08	1.4312970000000001e-08	3.05805e-09	1.461115e-09	4.49825e-09	3.5411799999999996e-09	1.944245e-09	4.98138e-09	1.048971e-08	8.892775e-09	1.1929910000000001e-08	3.5411799999999996e-09	1.944245e-09	4.98138e-09	2.520105e-09	9.2317e-10	3.960305e-09	5.21584e-09	3.618905e-09	6.65604e-09	3.57847e-09	1.981535e-09	5.01867e-09
3200.0	2.553031e-09	8.11363e-10	3.906621e-09	1.385997e-08	1.2118302e-08	1.5213560000000002e-08	3.39708e-09	1.655412e-09	4.75067e-09	3.94439e-09	2.202722e-09	5.29798e-09	1.072826e-08	8.986592e-09	1.208185e-08	3.94439e-09	2.202722e-09	5.29798e-09	2.6601580000000002e-09	9.1849e-10	4.013748e-09	5.74181e-09	4.000142e-09	7.0954e-09	3.99123e-09	2.249562e-09	5.34482e-09
3400.0	2.820688e-09	9.25474e-10	3.8426380000000005e-09	1.4874810000000001e-08	1.2979596000000001e-08	1.589676e-08	3.76026e-09	1.8650460000000003e-09	4.78221e-09	4.44374e-09	2.5485259999999996e-09	5.4656899999999996e-09	1.0993800000000001e-08	9.098586000000001e-09	1.2015750000000001e-08	4.44374e-09	2.5485259999999996e-09	5.4656899999999996e-09	2.839885e-09	9.446710000000001e-10	3.8618350000000004e-09	6.31654e-09	4.421326e-09	7.33849e-09	4.4350700000000005e-09	2.5398560000000003e-09	5.45702e-09
3600.0	3.11119e-09	1.052529e-09	3.60779e-09	1.592006e-08	1.3861398999999999e-08	1.6416659999999998e-08	4.15069e-09	2.092029e-09	4.64729e-09	4.9027e-09	2.844039e-09	5.3993000000000006e-09	1.128813e-08	9.229469e-09	1.1784730000000001e-08	4.9027e-09	2.844039e-09	5.3993000000000006e-09	3.0787009999999996e-09	1.0200400000000001e-09	3.5753009999999997e-09	6.943880000000001e-09	4.885219000000001e-09	7.44048e-09	4.91137e-09	2.852709e-09	5.40797e-09
3800.0	3.426945e-09	1.19375e-09	3.352815e-09	1.699862e-08	1.4765425e-08	1.692449e-08	4.56988e-09	2.336685e-09	4.49575e-09	5.41123e-09	3.178035e-09	5.3371000000000005e-09	1.16132e-08	9.380005e-09	1.153907e-08	5.41123e-09	3.178035e-09	5.3371000000000005e-09	3.3520850000000002e-09	1.11889e-09	3.277955e-09	7.62765e-09	5.394455e-09	7.55352e-09	5.4225e-09	3.189305e-09	5.34837e-09
4000.0	3.7706109999999996e-09	1.350459e-09	3.1750010000000002e-09	1.8113579999999998e-08	1.5693427999999998e-08	1.751797e-08	5.021249999999999e-09	2.601098e-09	4.4256400000000004e-09	6.02566e-09	3.605508e-09	5.430050000000001e-09	1.197123e-08	9.551078e-09	1.137562e-08	6.02479e-09	3.604638e-09	5.42918e-09	3.84873e-09	1.4285779999999998e-09	3.25312e-09	8.37163e-09	5.951478e-09	7.77602e-09	5.96842e-09	3.548268e-09	5.37281e-09
4500.0	4.77206e-09	1.8197299999999999e-09	3.15657e-09	2.1084e-08	1.8131669999999997e-08	1.946851e-08	6.30873e-09	3.3564e-09	4.69324e-09	7.494429999999999e-09	4.5421e-09	5.87894e-09	1.302766e-08	1.007533e-08	1.141217e-08	7.494429999999999e-09	4.5421e-09	5.87894e-09	4.78649e-09	1.8341600000000002e-09	3.171e-09	1.0529169999999999e-08	7.57684e-09	8.91368e-09	7.51091e-09	4.55858e-09	5.895419999999999e-09
5000.0	6.0232600000000006e-09	2.421354e-09	3.60917e-09	2.436888e-08	2.0766974e-08	2.195479e-08	7.87208e-09	4.2701739999999996e-09	5.45799e-09	9.11763e-09	5.515724e-09	6.703540000000001e-09	1.4355030000000001e-08	1.0753124e-08	1.194094e-08	9.11763e-09	5.515724e-09	6.703540000000001e-09	6.29e-09	2.688094e-09	3.87591e-09	1.3174910000000002e-08	9.573004e-09	1.076082e-08	9.36136e-09	5.759454e-09	6.947269999999999e-09
5500.0	7.598410000000001e-09	3.18827e-09	4.42706e-09	2.805075e-08	2.364061e-08	2.48794e-08	9.79032e-09	5.38018e-09	6.61897e-09	1.106362e-08	6.65348e-09	7.89227e-09	1.601925e-08	1.160911e-08	1.28479e-08	1.106362e-08	6.65348e-09	7.89227e-09	8.54303e-09	4.13289e-09	5.371680000000001e-09	1.641835e-08	1.200821e-08	1.3247e-08	1.160312e-08	7.19298e-09	8.43177e-09
6000.0	9.59762e-09	4.1626099999999995e-09	5.6074e-09	3.22381e-08	2.680309e-08	2.824788e-08	1.216882e-08	6.73381e-09	8.1786e-09	1.344905e-08	8.01404e-09	9.458830000000001e-09	1.81109e-08	1.267589e-08	1.412068e-08	1.344905e-08	8.01404e-09	9.458830000000001e-09	1.182706e-08	6.3920500000000005e-09	7.836840000000001e-09	2.0388e-08	1.495299e-08	1.6397780000000002e-08	1.432858e-08	8.89357e-09	1.033836e-08
6500.0	1.215769e-08	5.3988900000000006e-09	7.20294e-09	3.707599e-08	3.031719e-08	3.212124e-08	1.515837e-08	8.399570000000001e-09	1.020362e-08	1.642561e-08	9.666809999999999e-09	1.1470859999999999e-08	2.0755689999999998e-08	1.3996890000000001e-08	1.580094e-08	1.642561e-08	9.666809999999999e-09	1.1470859999999999e-08	1.6517549999999998e-08	9.758750000000001e-09	1.15628e-08	2.528249e-08	1.852369e-08	2.032774e-08	1.768329e-08	1.092449e-08	1.272854e-08
7000.0	1.546626e-08	6.96846e-09	9.29124e-09	4.27601e-08	3.42623e-08	3.6585080000000005e-08	1.8965829999999998e-08	1.046803e-08	1.279081e-08	2.020183e-08	1.170403e-08	1.402681e-08	2.41272e-08	1.5629400000000002e-08	1.795218e-08	2.020183e-08	1.170403e-08	1.402681e-08	2.3220300000000002e-08	1.47225e-08	1.704528e-08	3.13493e-08	2.28515e-08	2.517428e-08	2.18412e-08	1.33434e-08	1.566618e-08
7500.0	1.977657e-08	8.96423e-09	1.192731e-08	4.95504e-08	3.873806e-08	4.170114e-08	2.38814e-08	1.3069059999999999e-08	1.603214e-08	2.50697e-08	1.4257359999999999e-08	1.722044e-08	2.84618e-08	1.764946e-08	2.061254e-08	2.50697e-08	1.4257359999999999e-08	1.722044e-08	3.09244e-08	2.0112059999999998e-08	2.3075139999999998e-08	3.8936100000000004e-08	2.812376e-08	3.108684e-08	2.70646e-08	1.625226e-08	1.921534e-08
8000.0	2.54084e-08	1.150344e-08	1.504108e-08	5.77718e-08	4.386684e-08	4.740448e-08	3.02702e-08	1.6365240000000002e-08	1.990288e-08	3.14065e-08	1.750154e-08	2.103918e-08	3.4057100000000004e-08	2.015214e-08	2.368978e-08	3.14065e-08	1.750154e-08	2.103918e-08	4.7045200000000006e-08	3.314024e-08	3.667788e-08	4.84622e-08	3.455724e-08	3.809488e-08	3.3774400000000004e-08	1.986944e-08	2.3407079999999998e-08
8500.0	3.269213e-08	1.4719000000000001e-08	1.831349e-08	6.77565e-08	4.978337e-08	5.337786e-08	3.8568500000000006e-08	2.0595370000000002e-08	2.4189860000000002e-08	3.9678700000000004e-08	2.170557e-08	2.530006e-08	4.1215300000000005e-08	2.3242170000000002e-08	2.683666e-08	3.9678700000000004e-08	2.170557e-08	2.530006e-08	5.7104200000000004e-08	3.9131070000000004e-08	4.272556e-08	6.03673e-08	4.2394170000000004e-08	4.598866e-08	4.2116000000000005e-08	2.414287e-08	2.773736e-08
9000.0	4.1743799999999996e-08	1.871708e-08	2.129141e-08	7.961699999999999e-08	5.6590279999999996e-08	5.916461e-08	4.90314e-08	2.600468e-08	2.857901e-08	5.02111e-08	2.718438e-08	2.975871e-08	5.00151e-08	2.6988380000000002e-08	2.956271e-08	5.02111e-08	2.718438e-08	2.975871e-08	7.62322e-08	5.320548e-08	5.577981e-08	7.49061e-08	5.187938e-08	5.445371e-08	5.23968e-08	2.937008e-08	3.194441e-08
9500.0	5.19334e-08	2.347183e-08	2.3913040000000003e-08	9.27114e-08	6.424983e-08	6.469104e-08	6.128589999999999e-08	3.282433e-08	3.326554e-08	6.28385e-08	3.437693e-08	3.481814e-08	5.977699999999999e-08	3.131543e-08	3.175664e-08	6.28385e-08	3.437693e-08	3.481814e-08	7.55542e-08	4.709263e-08	4.7533839999999996e-08	9.1575e-08	6.311343e-08	6.355464000000001e-08	6.38707e-08	3.540913e-08	3.585034e-08
10000.0	6.13243e-08	2.8716680000000002e-08	2.675663e-08	1.0507800000000001e-07	7.247038e-08	7.051033000000001e-08	7.37592e-08	4.115158e-08	3.919153e-08	7.654350000000001e-08	4.3935880000000005e-08	4.1975830000000004e-08	6.84982e-08	3.589058e-08	3.3930530000000004e-08	7.654350000000001e-08	4.3935880000000005e-08	4.1975830000000004e-08	7.86338e-08	4.602618e-08	4.406613e-08	1.086278e-07	7.602017999999999e-08	7.406013e-08	7.48087e-08	4.220108e-08	4.024103e-08
10500.0	6.74843e-08	3.4124550000000005e-08	3.058561e-08	1.1423880000000001e-07	8.087905e-08	7.734011e-08	8.4459e-08	5.109925e-08	4.7560309999999997e-08	9.07561e-08	5.739635e-08	5.3857409999999995e-08	7.36571e-08	4.029735e-08	3.6758409999999996e-08	9.07561e-08	5.739635e-08	5.3857409999999995e-08	8.96892e-08	5.632945e-08	5.2790509999999995e-08	1.238204e-07	9.046065e-08	8.692171000000001e-08	8.25594e-08	4.919965e-08	4.5660709999999995e-08
11000.0	7.013929999999999e-08	3.987693e-08	3.598327e-08	1.19842e-07	8.957963e-08	8.568597e-08	9.362480000000001e-08	6.336243e-08	5.946877e-08	1.077716e-07	7.750923000000001e-08	7.361557e-08	7.4858e-08	4.459563e-08	4.070197e-08	1.077716e-07	7.750923000000001e-08	7.361557e-08	1.30358e-07	1.0009563e-07	9.620197e-08	1.371235e-07	1.0686113e-07	1.0296747e-07	8.6946e-08	5.668363e-08	5.278997e-08
11500.0	7.19128e-08	4.683878e-08	4.3406680000000003e-08	1.243855e-07	9.931147999999999e-08	9.587938e-08	1.0454569999999999e-07	7.947167999999999e-08	7.603958e-08	1.280515e-07	1.0297747999999999e-07	9.954538e-08	7.51572e-08	5.0083180000000004e-08	4.6651080000000004e-08	1.280515e-07	1.0297747999999999e-07	9.954538e-08	1.749764e-07	1.4990238000000002e-07	1.4647028e-07	1.512104e-07	1.2613638000000001e-07	1.2270428e-07	9.06851e-08	6.561108e-08	6.217898e-08
12000.0	7.58686e-08	5.607425e-08	5.3355659999999996e-08	1.307334e-07	1.1093905e-07	1.0822046e-07	1.211193e-07	1.0132494999999999e-07	9.860636e-08	1.440184e-07	1.2422405e-07	1.2150546e-07	7.73357e-08	5.754135e-08	5.482276e-08	1.440184e-07	1.2422405e-07	1.2150546e-07	2.2078040000000002e-07	2.0098605000000002e-07	1.9826746e-07	1.693454e-07	1.4955105e-07	1.4683246e-07	9.6911e-08	7.711665e-08	7.439806000000001e-08
12500.0	8.39375e-08	6.855389e-08	6.649287e-08	1.4051050000000002e-07	1.2512689e-07	1.2306587e-07	1.4685750000000002e-07	1.3147389e-07	1.2941287e-07	1.583935e-07	1.4300988999999998e-07	1.4094886999999998e-07	8.269170000000001e-08	6.730809e-08	6.524707e-08	1.583935e-07	1.4300988999999998e-07	1.4094886999999998e-07	1.542305e-07	1.3884689e-07	1.3678587e-07	1.9352250000000002e-07	1.7813889e-07	1.7607787e-07	1.074788e-07	9.209519e-08	9.003417e-08
13000.0	9.72617e-08	8.527069e-08	8.372493e-08	1.5439419999999998e-07	1.4240318999999998e-07	1.4085743e-07	1.864592e-07	1.7446819e-07	1.7292243000000002e-07	1.7700520000000003e-07	1.6501419000000003e-07	1.6346843000000002e-07	9.20049e-08	8.001389e-08	7.846813000000001e-08	1.7700520000000003e-07	1.6501419000000003e-07	1.6346843000000002e-07	1.4933620000000002e-07	1.3734519000000002e-07	1.3579943e-07	2.247102e-07	2.1271919e-07	2.1117343e-07	1.231412e-07	1.1115019e-07	1.0960443e-07
13500.0	1.168801e-07	1.0742535e-07	1.0625997e-07	1.727461e-07	1.6329135e-07	1.6212597e-07	2.426691e-07	2.3321434999999999e-07	2.3204896999999999e-07	1.967851e-07	1.8733035e-07	1.8616497e-07	1.058413e-07	9.638655e-08	9.522117e-08	1.967851e-07	1.8733035e-07	1.8616497e-07	1.960911e-07	1.8663635e-07	1.8547097e-07	2.633991e-07	2.5394435e-07	2.5277897000000004e-07	1.4595709999999998e-07	1.3650234999999999e-07	1.3533696999999999e-07
14000.0	1.4407935999999999e-07	1.3651486999999998e-07	1.3562542e-07	1.9591936e-07	1.8835487e-07	1.8746542e-07	3.1235936e-07	3.0479487e-07	3.0390542e-07	2.1686136e-07	2.0929687e-07	2.0840742e-07	1.2492136e-07	1.1735687e-07	1.1646742e-07	2.1686136e-07	2.0929687e-07	2.0840742e-07	3.0602736e-07	2.9846287e-07	2.9757342e-07	3.0915036e-07	3.0158587000000004e-07	3.0069642e-07	1.7652835999999999e-07	1.6896386999999998e-07	1.6807442e-07
14500.0	1.8040068e-07	1.7425714e-07	1.7356814800000002e-07	2.2428268e-07	2.1813914e-07	2.17450148e-07	3.8619868000000003e-07	3.8005514000000003e-07	3.79366148e-07	2.3943868e-07	2.3329513999999998e-07	2.32606148e-07	1.5023368e-07	1.4409014e-07	1.43401148e-07	2.3943868e-07	2.3329513999999998e-07	2.32606148e-07	4.1525568000000003e-07	4.0911214e-07	4.08423148e-07	3.5956968000000004e-07	3.5342614000000004e-07	3.52737148e-07	2.1575968e-07	2.0961614e-07	2.08927148e-07
15000.0	2.2726366999999998e-07	2.2220265999999998e-07	2.21660746e-07	2.5807867000000004e-07	2.5301766e-07	2.52475746e-07	4.4415867e-07	4.3909766e-07	4.38555746e-07	2.6955667000000003e-07	2.6449566e-07	2.63953746e-07	1.8297866999999998e-07	1.7791765999999998e-07	1.77375746e-07	2.6955667000000003e-07	2.6449566e-07	2.63953746e-07	3.6383967000000003e-07	3.5877866e-07	3.58236746e-07	4.0937767e-07	4.0431665999999996e-07	4.03774746e-07	2.6435267e-07	2.5929166e-07	2.58749746e-07
15500.0	2.8496888e-07	2.8074492e-07	2.80312372e-07	2.9710288e-07	2.9287892e-07	2.9244637199999997e-07	4.7545388000000003e-07	4.7122992000000005e-07	4.70797372e-07	3.0492888000000003e-07	3.0070492000000005e-07	3.00272372e-07	2.2427788e-07	2.2005392e-07	2.19621372e-07	3.0492888000000003e-07	3.0070492000000005e-07	3.00272372e-07	3.0796488e-07	3.0374092e-07	3.0330837199999995e-07	4.5099388e-07	4.4676992e-07	4.4633737199999995e-07	3.2036788e-07	3.1614392e-07	3.1571137199999996e-07
16000.0	3.5087075000000004e-07	3.47303686e-07	3.4695366e-07	3.4020875e-07	3.36641686e-07	3.3629166e-07	4.8615975e-07	4.82592686e-07	4.822426600000001e-07	3.3280875000000005e-07	3.2924168600000003e-07	3.2889166e-07	2.7447075e-07	2.70903686e-07	2.7055366e-07	3.3280875000000005e-07	3.2924168600000003e-07	3.2889166e-07	3.0218975000000003e-07	2.98622686e-07	2.9827266e-07	4.788737499999999e-07	4.75306686e-07	4.7495665999999997e-07	3.7851875000000005e-07	3.7495168600000003e-07	3.7460166e-07
16500.0	4.1722504e-07	4.14180808e-07	4.13893956e-07	3.8467504e-07	3.81630808e-07	3.81343956e-07	4.8272304e-07	4.796788079999999e-07	4.79391956e-07	3.5001604e-07	3.46971808e-07	3.46684956e-07	3.3176303999999996e-07	3.2871880799999996e-07	3.28431956e-07	3.5001604e-07	3.46971808e-07	3.46684956e-07	3.2035104e-07	3.17306808e-07	3.17019956e-07	4.9148404e-07	4.884398079999999e-07	4.88152956e-07	4.3085403999999996e-07	4.2780980799999996e-07	4.27522956e-07
17000.0	4.7103826e-07	4.68415625e-07	4.68177814e-07	4.2575226e-07	4.23129625e-07	4.22891814e-07	4.8331826e-07	4.806956249999999e-07	4.80457814e-07	3.6587626e-07	3.63253625e-07	3.63015814e-07	3.9043926e-07	3.8781662500000003e-07	3.87578814e-07	3.6587626e-07	3.63253625e-07	3.63015814e-07	3.1990525999999997e-07	3.17282625e-07	3.17044814e-07	4.9034426e-07	4.87721625e-07	4.87483814e-07	4.7134826e-07	4.68725625e-07	4.68487814e-07
17500.0	4.9892544e-07	4.96646886e-07	4.96447647e-07	4.5700844e-07	4.5472988599999995e-07	4.54530647e-07	4.9598144e-07	4.93702886e-07	4.93503647e-07	3.8478344e-07	3.82504886e-07	3.82305647e-07	4.4004344e-07	4.3776488599999996e-07	4.37565647e-07	3.8478344e-07	3.82504886e-07	3.82305647e-07	2.9665844e-07	2.94379886e-07	2.94180647e-07	4.7707244e-07	4.74793886e-07	4.7459464700000004e-07	4.978884399999999e-07	4.956098859999999e-07	4.954106469999999e-07
18000.0	4.9518366e-07	4.93189016e-07	4.93020487e-07	4.7207566e-07	4.70081016e-07	4.6991248699999997e-07	5.024746599999999e-07	5.004800159999999e-07	5.00311487e-07	4.0411466e-07	4.02120016e-07	4.0195148699999996e-07	4.6818666e-07	4.6619201600000003e-07	4.66023487e-07	4.0411466e-07	4.02120016e-07	4.0195148699999996e-07	2.7582966e-07	2.73835016e-07	2.7366648699999995e-07	4.5338166e-07	4.51387016e-07	4.5121848699999995e-07	5.085456599999999e-07	5.065510159999999e-07	5.063824869999999e-07
18500.0	4.6510567e-07	4.63347621e-07	4.63203819e-07	4.6736567e-07	4.65607621e-07	4.65463819e-07	4.8812367e-07	4.86365621e-07	4.862218190000001e-07	4.1916767e-07	4.17409621e-07	4.17265819e-07	4.6733167e-07	4.65573621e-07	4.6542981900000004e-07	4.1916767e-07	4.17409621e-07	4.17265819e-07	2.6902567e-07	2.67267621e-07	2.67123819e-07	4.2211667e-07	4.20358621e-07	4.2021481900000004e-07	5.0017967e-07	4.98421621e-07	4.982778190000001e-07
19000.0	4.2007922e-07	4.18520148e-07	4.18396464e-07	4.4395722000000004e-07	4.4239814800000005e-07	4.4227446400000005e-07	4.5881522e-07	4.57256148e-07	4.57132464e-07	4.2368722000000003e-07	4.2212814800000004e-07	4.2200446400000004e-07	4.3983722000000003e-07	4.3827814800000004e-07	4.3815446400000004e-07	4.2368722000000003e-07	4.2212814800000004e-07	4.2200446400000004e-07	2.7432522e-07	2.7276614800000003e-07	2.7264246400000003e-07	3.8691022e-07	3.8535114800000003e-07	3.8522746400000003e-07	4.7295322e-07	4.71394148e-07	4.71270464e-07
19500.0	3.7069399e-07	3.6930365299999997e-07	3.69196494e-07	4.0699099e-07	4.0560065299999997e-07	4.05493494e-07	4.0603899000000004e-07	4.04648653e-07	4.04541494e-07	4.1627399000000003e-07	4.14883653e-07	4.14776494e-07	3.9563899e-07	3.9424865299999996e-07	3.94141494e-07	4.1627399000000003e-07	4.14883653e-07	4.14776494e-07	2.8538799e-07	2.8399765299999996e-07	2.83890494e-07	3.5104799e-07	3.49657653e-07	3.49550494e-07	4.3075999000000004e-07	4.29369653e-07	4.29262494e-07
20000.0	3.2358581e-07	3.2233963499999996e-07	3.22246172e-07	3.6313881000000003e-07	3.61892635e-07	3.6179917200000004e-07	3.4097781e-07	3.39731635e-07	3.3963817200000003e-07	4.0126081e-07	4.0001463499999997e-07	3.99921172e-07	3.4564281e-07	3.4439663499999996e-07	3.44303172e-07	4.0126081e-07	4.0001463499999997e-07	3.99921172e-07	2.9535381e-07	2.94107635e-07	2.94014172e-07	3.1677781e-07	3.1553163499999997e-07	3.15438172e-07	3.8061681e-07	3.7937063499999996e-07	3.79277172e-07
20500.0	2.8174408e-07	2.8062192700000004e-07	2.8053990800000003e-07	3.1816408e-07	3.1704192700000004e-07	3.1695990800000004e-07	2.8418108e-07	2.83058927e-07	2.82976908e-07	3.8306208e-07	3.8193992700000004e-07	3.8185790800000004e-07	2.9737608e-07	2.9625392700000003e-07	2.96171908e-07	3.8306208e-07	3.8193992700000004e-07	3.8185790800000004e-07	2.9988108e-07	2.9875892700000003e-07	2.9867690800000003e-07	2.8478908e-07	2.83666927e-07	2.83584908e-07	3.2945808e-07	3.2833592700000004e-07	3.2825390800000003e-07
21000.0	2.4590636999999997e-07	2.4489160699999997e-07	2.44819223e-07	2.7583337e-07	2.74818607e-07	2.74746223e-07	2.4319236999999996e-07	2.4217760699999996e-07	2.4210522299999997e-07	3.6297737e-07	3.61962607e-07	3.61890223e-07	2.5448237e-07	2.53467607e-07	2.53395223e-07	3.6297737e-07	3.61962607e-07	3.61890223e-07	2.9853137e-07	2.97516607e-07	2.97444223e-07	2.5507536999999997e-07	2.5406060699999997e-07	2.5398822299999997e-07	2.8326537e-07	2.82250607e-07	2.82178223e-07
21500.0	2.1572518e-07	2.14803943e-07	2.1473972800000002e-07	2.3801318e-07	2.37091943e-07	2.3702772800000002e-07	2.1644618e-07	2.15524943e-07	2.1546072800000002e-07	3.4048018e-07	3.39558943e-07	3.39494728e-07	2.1798318e-07	2.17061943e-07	2.1699772800000001e-07	3.4048018e-07	3.39558943e-07	3.39494728e-07	2.9320818000000003e-07	2.92286943e-07	2.92222728e-07	2.2754817999999999e-07	2.26626943e-07	2.26562728e-07	2.4316118e-07	2.42239943e-07	2.42175728e-07
22000.0	1.9045769e-07	1.89618347e-07	1.8956110400000002e-07	2.0525669e-07	2.04417347e-07	2.0436010400000002e-07	1.9804069e-07	1.97201347e-07	1.9714410400000001e-07	3.1496268999999997e-07	3.14123347e-07	3.1406610399999996e-07	1.8756969e-07	1.86730347e-07	1.86673104e-07	3.1496268999999997e-07	3.14123347e-07	3.1406610399999996e-07	2.8599269e-07	2.85153347e-07	2.85096104e-07	2.0237769e-07	2.01538347e-07	2.01481104e-07	2.1009769e-07	2.09258347e-07	2.09201104e-07
22500.0	1.69297625e-07	1.68530343e-07	1.68479085e-07	1.77376625e-07	1.76609343e-07	1.76558085e-07	1.83031625e-07	1.82264343e-07	1.82213085e-07	2.86682625e-07	2.85915343e-07	2.85864085e-07	1.62434625e-07	1.61667343e-07	1.61616085e-07	2.86682625e-07	2.85915343e-07	2.85864085e-07	2.78268625e-07	2.77501343e-07	2.77450085e-07	1.79821625e-07	1.7905434299999998e-07	1.79003085e-07	1.81990625e-07	1.8122334299999998e-07	1.81172085e-07
23000.0	1.51510116e-07	1.5080654200000001e-07	1.50760453e-07	1.53854116e-07	1.53150542e-07	1.53104453e-07	1.68032116e-07	1.67328542e-07	1.67282453e-07	2.56677116e-07	2.5597354199999997e-07	2.5592745299999996e-07	1.41679116e-07	1.40975542e-07	1.40929453e-07	2.56677116e-07	2.5597354199999997e-07	2.5592745299999996e-07	2.70382116e-07	2.6967854199999997e-07	2.6963245299999996e-07	1.59965116e-07	1.59261542e-07	1.59215453e-07	1.58924116e-07	1.58220542e-07	1.58174453e-07
23500.0	1.36473634e-07	1.35826625e-07	1.35785022e-07	1.34070634e-07	1.33423625e-07	1.33382022e-07	1.50265634e-07	1.49618625e-07	1.49577022e-07	2.26768634e-07	2.26121625e-07	2.26080022e-07	1.2448263399999999e-07	1.23835625e-07	1.2379402199999998e-07	2.26768634e-07	2.26121625e-07	2.26080022e-07	2.62330634e-07	2.61683625e-07	2.61642022e-07	1.4280663399999999e-07	1.42159625e-07	1.4211802199999998e-07	1.39857634e-07	1.39210625e-07	1.39169022e-07
24000.0	1.23677913e-07	1.23081328e-07	1.2304363799999998e-07	1.17425913e-07	1.16829328e-07	1.16791638e-07	1.29298913e-07	1.2870232799999998e-07	1.2866463799999998e-07	1.9868891300000002e-07	1.98092328e-07	1.98054638e-07	1.10154913e-07	1.09558328e-07	1.09520638e-07	1.9868891300000002e-07	1.98092328e-07	1.98054638e-07	2.53852913e-07	2.53256328e-07	2.5321863799999997e-07	1.28083913e-07	1.2748732799999998e-07	1.2744963799999998e-07	1.23746913e-07	1.2315032799999999e-07	1.2311263799999998e-07
24500.0	1.12713899e-07	1.1216243000000001e-07	1.1212817e-07	1.03384899e-07	1.0283343e-07	1.0279917e-07	1.09638899e-07	1.0908743e-07	1.0905317e-07	1.73737899e-07	1.7318643e-07	1.7315217e-07	9.8137899e-08	9.758643000000001e-08	9.755217000000001e-08	1.73737899e-07	1.7318643e-07	1.7315217e-07	2.37055899e-07	2.3650443e-07	2.3647017e-07	1.15449899e-07	1.1489843e-07	1.1486417e-07	1.09725899e-07	1.0917443000000001e-07	1.0914017e-07
25000.0	1.03253707e-07	1.02742747e-07	1.02711506e-07	9.1494307e-08	9.0983347e-08	9.0952106e-08	9.5189307e-08	9.4678347e-08	9.464710599999999e-08	1.52262707e-07	1.51751747e-07	1.51720506e-07	8.7985907e-08	8.7474947e-08	8.744370599999999e-08	1.52262707e-07	1.51751747e-07	1.51720506e-07	2.19570707e-07	2.19059747e-07	2.19028506e-07	1.04643707e-07	1.04132747e-07	1.04101506e-07	9.8485307e-08	9.7974347e-08	9.794310599999999e-08
25500.0	9.503769199999999e-08	9.456322399999999e-08	9.45346504e-08	8.1377492e-08	8.0903024e-08	8.087445040000001e-08	8.670369199999999e-08	8.622922399999999e-08	8.62006504e-08	1.34261592e-07	1.33787124e-07	1.337585504e-07	7.934729199999999e-08	7.887282399999999e-08	7.88442504e-08	1.34261592e-07	1.33787124e-07	1.337585504e-07	2.03651592e-07	2.0317712400000002e-07	2.031485504e-07	9.5316692e-08	9.4842224e-08	9.481365040000001e-08	8.881139199999999e-08	8.8336924e-08	8.83083504e-08
26000.0	8.785462200000001e-08	8.7413128e-08	8.73869216e-08	7.2726322e-08	7.2284828e-08	7.22586216e-08	8.2611322e-08	8.2169828e-08	8.21436216e-08	1.19127922e-07	1.18686428e-07	1.186602216e-07	7.194422200000001e-08	7.150272800000001e-08	7.14765216e-08	1.19127922e-07	1.18686428e-07	1.186602216e-07	1.89384922e-07	1.88943428e-07	1.889172216e-07	8.7295222e-08	8.6853728e-08	8.68275216e-08	8.055572200000001e-08	8.0114228e-08	8.00880216e-08
26500.0	8.1536461e-08	8.112484800000001e-08	8.11007489e-08	6.5290161e-08	6.487854800000001e-08	6.48544489e-08	8.0465861e-08	8.005424800000001e-08	8.00301489e-08	1.0642616099999999e-07	1.06014548e-07	1.0599044889999999e-07	6.555676099999999e-08	6.5145148e-08	6.512104889999999e-08	1.0642616099999999e-07	1.06014548e-07	1.0599044889999999e-07	1.76597161e-07	1.76185548e-07	1.761614489e-07	8.0370561e-08	7.9958948e-08	7.99348489e-08	7.3422861e-08	7.3011248e-08	7.298714889999999e-08
27000.0	7.5946848e-08	7.5562388e-08	7.55401714e-08	5.8865048e-08	5.8480588e-08	5.84583714e-08	7.7439148e-08	7.7054688e-08	7.70324714e-08	9.5723348e-08	9.5338888e-08	9.53166714e-08	6.0009948e-08	5.9625488e-08	5.9603271400000005e-08	9.5723348e-08	9.5338888e-08	9.53166714e-08	1.65286848e-07	1.64902388e-07	1.648801714e-07	7.4316648e-08	7.3932188e-08	7.39099714e-08	6.7186748e-08	6.6802288e-08	6.67800714e-08
27500.0	7.0974788e-08	7.061506429999999e-08	7.059453569999999e-08	5.3285488e-08	5.29257643e-08	5.29052357e-08	7.2585288e-08	7.222556429999999e-08	7.220503569999999e-08	8.6445988e-08	8.60862643e-08	8.60657357e-08	5.5163488e-08	5.48037643e-08	5.47832357e-08	8.6445988e-08	8.60862643e-08	8.60657357e-08	1.55107588e-07	1.547478643e-07	1.547273357e-07	6.9029088e-08	6.86693643e-08	6.86488357e-08	6.1751788e-08	6.139206429999999e-08	6.137153569999999e-08
28000.0	6.652964e-08	6.619250689999999e-08	6.61734958e-08	4.841634e-08	4.80792069e-08	4.80601958e-08	6.684084000000001e-08	6.65037069e-08	6.648469580000001e-08	7.840284e-08	7.806570689999999e-08	7.80466958e-08	5.090494e-08	5.05678069e-08	5.05487958e-08	7.840284e-08	7.806570689999999e-08	7.80466958e-08	1.4614504e-07	1.4580790690000002e-07	1.457888958e-07	6.437744e-08	6.404030689999999e-08	6.40212958e-08	5.702214e-08	5.66850069e-08	5.66659958e-08
28500.0	6.253661e-08	6.22201539e-08	6.220251110000001e-08	4.414721e-08	4.3830753899999997e-08	4.38131111e-08	6.072570999999999e-08	6.04092539e-08	6.03916111e-08	7.131631e-08	7.09998539e-08	7.098221110000001e-08	4.714261e-08	4.68261539e-08	4.68085111e-08	7.131631e-08	7.09998539e-08	7.098221110000001e-08	1.3805191e-07	1.377354539e-07	1.377178111e-07	6.026600999999999e-08	5.994955389999999e-08	5.99319111e-08	5.279791e-08	5.2481453899999996e-08	5.24638111e-08
29000.0	5.8933739e-08	5.8636251700000006e-08	5.8619846e-08	4.0387339e-08	4.0089851700000004e-08	4.0073446e-08	5.4447939e-08	5.4150451700000005e-08	5.4134046e-08	6.5029839e-08	6.47323517e-08	6.4715946e-08	4.3802139e-08	4.35046517e-08	4.3488246e-08	6.5029839e-08	6.47323517e-08	6.4715946e-08	1.30828939e-07	1.305314517e-07	1.30515046e-07	5.6616339e-08	5.6318851700000004e-08	5.6302446e-08	4.9078939e-08	4.8781451700000005e-08	4.8765046e-08
29500.0	5.5669204e-08	5.53891534e-08	5.53738694e-08	3.7061804e-08	3.67817534e-08	3.67664694e-08	4.8050704e-08	4.7770653400000003e-08	4.77553694e-08	5.9422004e-08	5.91419534e-08	5.91266694e-08	4.0822204e-08	4.05421534e-08	4.05268694e-08	5.9422004e-08	5.91419534e-08	5.91266694e-08	1.24387904e-07	1.2410785340000002e-07	1.240925694e-07	5.3367704000000003e-08	5.3087653400000004e-08	5.30723694e-08	4.5752204e-08	4.54721534e-08	4.5456869399999996e-08
30000.0	5.2699908999999996e-08	5.24359182e-08	5.24216535e-08	3.4108509e-08	3.38445182e-08	3.38302535e-08	4.2323109e-08	4.20591182e-08	4.20448535e-08	5.4397009e-08	5.41330182e-08	5.41187535e-08	3.8152209e-08	3.78882182e-08	3.78739535e-08	5.4397009e-08	5.41330182e-08	5.41187535e-08	1.18556609e-07	1.1829261819999999e-07	1.182783535e-07	5.0459109e-08	5.01951182e-08	5.01808535e-08	4.2730809e-08	4.2466818200000004e-08	4.2452553500000005e-08
