0.4262	15.221	12.942	12.443	9.194	13.033	11.222
0.5483	16.718	14.919	14.398	11.207	14.987	12.468
0.6375	17.903	16.532	16.008	13.12	17.769	14.427
0.6448	18.004	16.672	16.148	14.099	19.206	15.481
0.675	18.426	17.257	16.736	14.499	19.795	15.911
0.6983	18.759	17.723	17.205	15.089	20.269	16.546
0.7277	19.188	18.327	17.814	16.011	20.692	17.196
0.7559	19.608	18.924	18.418	17.091	21.164	17.936
0.9153	22.161	22.185	22.215	21.137	22.776	20.539
0.9827	23.338	23.556	24.038	27.124	23.902	24.105
1.023	24.072	24.417	25.197	29.631	23.462	26.01
1.0516	24.606	25.045	26.051	31.355	23.185	27.307
1.0772	25.094	25.622	26.84	32.781	22.97	28.355
1.1417	26.368	27.133	28.929	35.297	22.615	30.146
1.1441	26.417	27.192	29.011	37.289	22.356	31.55
1.17	26.948	27.824	29.897	38.167	22.247	32.165
1.2215	28.035	29.126	31.736	40.447	22.616	33.904
1.2486	28.626	29.836	32.749	42.071	23.129	35.768
1.285	29.437	30.814	34.155	43.43	23.552	37.347
1.3463	30.855	32.531	36.657	45.605	24.216	39.482
1.3543	31.045	32.763	36.997	47.213	24.699	40.219
1.367	31.349	33.133	37.542	47.705	24.845	40.442
1.3705	31.433	33.235	37.693	48.092	24.96	40.618
1.3739	31.516	33.335	37.841	48.259	25.009	40.693
1.395	32.031	33.963	38.772	48.855	25.184	40.96
1.4033	32.235	34.213	39.143	49.579	25.396	41.283
1.4102	32.407	34.422	39.455	49.957	25.507	41.451
1.4161	32.554	34.602	39.724	50.278	25.6	41.593
1.4275	32.84	34.952	40.248	50.715	25.657	41.786
1.4296	32.892	35.016	40.344	51.058	25.701	41.937
1.433	32.979	35.122	40.503	51.199	25.72	41.998
1.4857	34.342	36.795	43.03	52.627	25.906	42.633
1.5049	34.851	37.422	43.986	54.502	26.147	43.461
1.5073	34.915	37.501	44.108	55.078	26.219	43.712
1.5112	35.02	37.63	44.305	55.247	26.241	43.786
1.5259	35.418	38.121	45.058	55.75	26.303	44.004
1.5681	36.583	39.562	47.285	57.316	26.496	44.678
1.5816	36.966	40.036	48.023	58.892	26.687	46.061
1.587	37.119	40.226	48.32	59.438	26.752	46.602
1.6776	39.794	43.556	53.584	62.283	27.084	49.445
1.6795	39.85	43.626	53.697	65.151	27.797	52.347
1.6806	39.886	43.67	53.767	65.246	27.845	52.444
1.6821	39.931	43.728	53.859	65.331	27.889	52.53
1.7105	40.812	44.83	55.63	66.268	28.382	53.508
1.7363	41.629	45.853	57.287	67.978	29.298	55.327
1.745	41.908	46.203	57.857	69.088	29.897	56.517
1.7595	42.377	46.793	58.818	69.846	30.306	57.332
1.775	42.884	47.431	59.864	70.837	30.844	58.403
1.8203	44.402	49.344	63.023	72.89	31.964	60.635
1.8276	44.652	49.659	63.547	74.714	32.965	62.715
1.843	45.183	50.331	64.666	75.515	33.406	63.643
1.9167	47.815	53.666	70.297	78.745	35.198	67.421
1.9205	47.954	53.843	70.599	81.665	36.815	70.888
1.9814	50.249	56.766	75.628	84.136	38.119	73.917
1.996	50.816	57.489	76.886	87.035	39.7	77.617
2.022	51.841	58.799	79.175	88.635	40.577	79.684
2.0675	53.685	61.16	83.342	91.525	42.169	83.457
2.107	55.338	63.283	87.134	95.083	44.142	88.07
2.139	56.715	65.054	52.288	98.183	45.874	92.126
2.1459	57.016	65.442	52.613	99.912	46.844	94.411
2.148	57.107	65.559	52.711	100.315	47.071	94.945
2.1547	57.403	65.94	53.03	100.712	47.294	95.473
2.1606	57.665	66.278	53.314	101.286	47.618	96.238
2.176	58.349	67.161	54.053	102.258	48.241	97.538
2.224	60.54	69.991	56.426	105.201	50.39	101.508
2.2394	61.26	70.923	57.208	108.22	52.636	105.643
2.2954	63.952	74.413	60.139	111.723	55.285	110.501
2.315	64.922	75.673	61.199	115.557	58.236	115.855
2.36	67.205	78.643	63.698	118.938	60.882	120.233
2.374	67.931	79.589	64.495	122.111	63.403	124.375
2.422	70.482	82.916	67.3	125.537	66.166	128.882
2.4441	71.688	84.492	68.63	129.526	69.911	134.174
2.486	74.033	87.559	71.22	133.233	73.867	139.195
2.506	75.178	89.06	72.489	136.913	77.907	144.23
2.5186	75.909	90.019	73.299	138.892	80.122	146.955
2.547	77.583	92.215	75.157	141.421	82.997	150.455
2.565	78.663	93.633	76.358	144.338	86.377	154.306
2.61	81.429	97.269	79.439	148.397	91.186	158.034
2.6227	82.227	98.319	80.33	152.213	95.825	161.527
2.6386	83.237	99.65	81.459	154.142	98.211	163.287
2.704	87.524	105.303	86.26	159.757	105.183	168.395
2.725	88.947	107.182	87.858	165.779	112.49	173.999
2.74	89.977	108.544	89.017	168.314	115.683	176.388
2.834	96.713	117.459	96.612	176.226	125.913	183.825
2.8475	97.721	118.795	97.752	184.393	136.888	191.246
2.86	98.663	120.045	98.819	186.425	139.683	193.063
2.876	99.883	121.664	100.201	188.678	142.812	195.075
2.8923	101.139	123.331	101.625	191.261	146.44	197.378
2.92	103.315	126.222	104.096	194.841	151.536	200.562
2.944	105.237	128.775	106.281	199.135	157.755	204.372
2.993	109.273	134.143	110.877	205.262	166.969	209.872
3.008	110.539	135.828	112.321	210.773	175.488	214.815
3.0295	112.382	138.283	114.426	213.986	180.546	217.689
3.15	123.274	152.809	126.904	226.944	201.623	228.403
3.1915	127.267	158.141	131.495	242.685	228.304	240.372
3.31	139.391	174.352	145.483	258.741	254.052	252.81
3.42	151.677	190.802	159.721	283.303	295.937	279.196
3.4348	153.413	193.128	161.737	297.692	319.801	298.41
3.55	167.601	212.142	178.251	313.483	339.683	319.828
3.58	171.507	217.379	182.808	332.116	363.351	345.869
3.6275	177.885	225.931	190.257	342.518	376.662	361.445
3.6751	184.5	234.802	197.994	355.721	393.653	381.507
3.9792	233.04	299.85	255.003	407.312	469.51	462.062
4.104	256.471	331.197	282.628	479.724	569.112	548.959
4.165	268.767	347.626	297.142	514.915	614.328	591.493
4.4473	333.825	434.282	374.047	585.364	691.857	678.384
4.5965	374.362	488.016	421.996	685.818	810.71	766.702
4.628	383.528	500.138	432.837	732.197	871.665	807.027
4.6877	401.506	523.88	454.095	756.765	904.124	828.163
4.7464	420.038	548.306	476.0	789.771	948.902	856.447
5.0	510.347	666.697	582.597	883.497	1078.189	939.308
5.0483	529.607	691.806	605.288	982.485	1230.186	1031.514
5.1074	554.219	723.82	634.258	1019.738	1290.68	1066.458
5.2583	622.311	811.988	714.253	1096.734	1417.863	1138.267
5.6196	821.273	1066.353	946.516	1311.597	1784.662	1399.583
5.72	887.132	1149.547	1022.89	1541.186	2197.415	1751.154
5.785	932.537	1206.63	1075.396	1629.755	2385.919	1897.584
5.8414	973.814	1258.334	1123.024	1697.328	2534.447	2005.298
6.0082	1106.867	1423.824	1275.87	1828.94	2832.026	2149.657
6.1749	1258.059	1609.834	1448.334	2044.879	3343.08	2384.981
6.2163	1298.698	1659.48	1494.475	2192.055	3708.007	2544.724
6.39	1484.015	1884.109	1703.761	2351.251	4127.702	2720.755
6.5294	1651.694	2085.013	1891.602	2603.864	4824.941	2914.952
7.1009	2561.669	3142.616	2888.613	3280.046	6789.862	3422.894
7.1345	2628.667	3218.588	2960.679	3987.238	8950.532	4314.545
7.2414	2853.562	3471.962	3201.367	4172.148	9516.925	4552.85
7.2853	2951.403	3581.422	3305.514	4376.961	10108.788	4823.248
7.6199	3816.104	4530.661	4212.339	4936.429	11761.602	5600.755
7.71	4089.493	4824.638	4494.378	5649.753	13939.212	6632.343
7.97	4993.226	5778.424	5412.709	6303.946	15951.375	7535.7
8.19	5912.257	6723.483	6326.945	7323.25	19190.483	8465.603
8.6005	8103.237	8894.757	8440.46	8882.046	24550.791	9968.207
8.9587	10668.94	11345.509	10820.49	11217.875	33188.974	12546.689
9.045	11399.955	12044.953	11483.016	12854.473	39489.866	14622.926
9.276	13612.676	14125.152	13452.289	14166.84	44706.867	16338.963
9.43	15321.588	15697.682	14939.912	15923.584	52108.07	18693.785
9.478	15896.886	16221.042	15434.837	16929.282	56470.312	20062.092
9.64	18002.816	18112.945	17223.355	18042.203	61392.889	21590.87
9.689	18693.135	18725.503	17802.234	19234.125	66770.626	23244.282
9.916	22253.015	21830.396	20734.938	20875.079		25599.641
10.083	25297.913	24422.136	23181.219	23451.214		28645.948
10.216	28018.238	26693.743	25324.303	25623.9		31206.268
10.405	32394.254	30271.591	28697.76	28165.871		34209.509
