0.25	1.04	3.14
0.5	1.77	3.78
0.75	1.9999999999999998e-30	4.56
1.0	1.9999999999999998e-30	5.5
1.25	1.9999999999999998e-30	6.62
1.5	1.9999999999999998e-30	7.98
1.75	1.9999999999999998e-30	9.62
2.0	1.9999999999999998e-30	11.6
2.25	5.1	15.26
2.5	5.54	20.2
2.75	6.46	27.0
3.0	12.4	29.2
3.25	15.8	36.4
3.5	27.0	45.2
3.75	41.6	56.2
4.0	51.6	69.6
4.25	62.2	86.0
4.5	72.4	112.5
4.75	78.9	162.7
5.0	85.69	207.4
5.5	152.5	250.0
6.0	230.0	352.0
6.5	334.0	624.0
7.0	484.0	903.0
7.5	704.0	1485.0
8.0	1022.0	2124.0
8.5	1484.0	2850.0
9.0	2160.0	4270.0
9.5	3140.0	7010.0
10.0	4500.0	11090.0
11.0	7630.0	25100.0
12.0	13070.0	48900.0
13.0	25500.0	101700.0
14.0	46500.0	209100.0
15.0	87800.0	396000.0
16.0	152400.0	731000.0
17.0	262000.0	1360000.0
18.0	385000.0	2420000.0
19.0	546000.0	4170000.0
20.0	797000.0	7090000.0
22.5	2720000.0	37800000.0
25.0	5990000.0	109400000.0
30.0	24900000.0	1252000000.0
40.0	483000000.0	147800000000.0
50.0	8760000000.0	10040000000000.0
60.0	183300000000.0	458000000000000.0
70.0	4010000000000.0	1.538e+16
80.0	72500000000000.0	4.06e+17
90.0	1051000000000000.0	8.8e+18
100.0	1.34e+16	1.62e+20
110.0	1.435e+17	2.6e+21
120.0	1.635e+18	3.66e+22
130.0	1.596e+19	4.66e+23
140.0	1.298e+20	5.4e+24
150.0	9.76e+20	5.76e+25
160.0	6.86e+21	5.68e+26
170.0	4.52e+22	5.220000000000001e+27
180.0	2.82e+23	4.500000000000001e+28
190.0	1.668e+24	3.68e+29
200.0	9.16e+24	2.84e+30
