0.25	2.86	1.482	1.938	1.01		3.43
0.5	3.38	1.884	2.4	2.34		4.11
0.75	3.96	2.4	2.9	5.34		5.11
1.0	4.68	3.02	3.54	7.32		7.13
1.25	5.5	3.82	4.3	6.42		4.27
1.5	6.48	4.82	5.26	7.08	1.9999999999999998e-30	2.92
1.75	7.62	6.08	6.42	8.2	1.9999999999999998e-30	3.83
2.0	8.98	7.62	7.86	9.72	1.9999999999999998e-30	8.85
2.25	10.56	9.56	9.6	11.62	1.9999999999999998e-30	21.50532
2.5	12.44	11.94	11.74	14.0	1.9999999999999998e-30	34.238800000000005
2.75	14.64	14.58	14.34	16.86	4.88	30.1873
3.0	17.24	17.78	17.54	20.4	5.82	18.141
3.25	20.2	21.6	21.4	24.6	6.4	11.257
3.5	23.8	26.4	26.2	29.8	5.6	14.603
3.75	28.2	32.0	31.8	35.8	12.0	41.464
4.0	33.2	38.8	38.8	43.2	16.8	84.22
4.25	39.0	47.0	47.2	52.2	25.8	107.43
4.5	45.8	56.8	57.6	62.8	43.1	121.6
4.75	54.0	68.6	69.8	75.4	52.7	126.2
5.0	63.6	82.6	84.8	75.4	65.9	126.2
5.5	88.2	119.6	124.6	108.4	83.9	210.4
6.0	122.2	172.4	182.2	154.6	95.781	333.4
6.5	169.2	248.0	266.0	220.0	113.8	550.0
7.0	234.0	352.0	384.0	312.0	193.4	682.0
7.5	326.0	500.0	554.0	440.0	369.0	942.0
8.0	450.0	708.0	794.0	614.0	628.8	1433.0
8.5	624.0	996.0	1134.0	858.0	1082.0	2024.0
9.0	866.0	1398.0	1612.0	1192.0	1621.0	2893.0
9.5	1198.0	1950.0	2280.0	1638.0	2233.0	3950.0
10.0	1662.0	2720.0	3200.0	2240.0	2908.0	7410.0
11.0	3200.0	5180.0	6280.0	4180.0	5870.0	13950.0
12.0	6120.0	9740.0	12060.0	7680.0	21230.0	25360.0
13.0	11780.0	18120.0	22800.0	13860.0	38500.0	44300.0
14.0	22600.0	33400.0	42400.0	24600.0	72500.0	74600.0
15.0	43400.0	61200.0	77600.0	43000.0	146500.0	124300.0
16.0	83400.0	110000.0	140200.0	74400.0	276000.0	202500.0
17.0	160200.0	196000.0	250000.0	127000.0	479000.0	315000.0
18.0	308000.0	344000.0	438000.0	214000.0	851000.0	470000.0
19.0	584000.0	600000.0	762000.0	360000.0	1526000.0	681000.0
20.0	1094000.0	1034000.0	1308000.0	594000.0	2570000.0	681000.0
22.5	4980000.0	3860000.0	4820000.0	2000000.0	4240000.0	1713000.0
25.0	21000000.0	13620000.0	16660000.0	6440000.0	14230000.0	4250000.0
30.0	314000000.0	146600000.0	170400000.0	58000000.0	300000000.0	20100000.0
40.0	39200000000.0	10560000000.0	10980000000.0	3140000000.0	7840000000.0	266000000.0
50.0	2740000000000.0	474000000000.0	442000000000.0	112000000000.0	147000000000.0	7320000000.0
60.0	126400000000000.0	14960000000000.0	12680000000000.0	3000000000000.0	3860000000000.0	116400000000.0
70.0	4260000000000000.0	360000000000000.0	280000000000000.0	63400000000000.0	69800000000000.0	2090000000000.0
80.0	1.122e+17	7020000000000000.0	5060000000000000.0	1112000000000000.0	1038000000000000.0	37400000000000.0
90.0	2.42e+18	1.146e+17	7.72e+16	1.658e+16	1.344e+16	544000000000000.0
100.0	4.38e+19	1.614e+18	1.022e+18	2.18e+17	1.54e+17	6220000000000000.0
110.0	6.92e+20	2e+19	1.198e+19	2.52e+18	1.602e+18	6.12e+16
120.0	9.64e+21	2.22e+20	1.264e+20	2.64e+19	1.516e+19	5.48e+17
130.0	1.206e+23	2.26e+21	1.214e+21	2.52e+20	1.328e+20	4.38e+18
140.0	1.372e+24	2.1e+22	1.076e+22	2.2e+21	1.082e+21	3.22e+19
150.0	1.434e+25	1.8e+23	8.84e+22	1.792e+22	8.26e+21	2.22e+20
160.0	1.3879999999999998e+26	1.446e+24	6.8e+23		5.96e+22	1.436e+21
170.0	1.254e+27	1.09e+25	4.92e+24		4.06e+23	8.72e+21
180.0	1.062e+28	7.78e+25	3.38e+25		2.64e+24	5.02e+22
190.0	8.5e+28	5.26e+26	2.2e+26		1.646e+25	2.74e+23
200.0	6.44e+29	3.38e+27	1.364e+27		8.419999999999999e+25	1.39e+24
