1.6605	9.004	8.024	7.723	7.066	5.494	4.406
1.7326	9.502	8.691	8.401	7.066	5.494	4.406
1.9042	10.801	10.488	10.254	9.586	5.494	4.406
1.9327	11.033	10.818	10.597	9.586	5.494	4.406
1.9425	11.114	10.933	10.718	9.586	5.494	4.406
2.0889	12.397	12.583	12.688	10.796	5.494	4.406
2.2034	13.504	14.018	14.47	11.668	5.494	4.406
2.2951	14.46	15.274	16.069	13.262	5.494	5.944
2.3365	14.913	15.875	16.845	14.656	5.494	5.944
2.3582	15.157	16.2	17.267	14.656	5.494	5.944
2.399	15.626	16.826	18.089	15.632	5.494	7.019
2.4725	16.507	18.01	19.663	16.573	5.494	7.019
2.5838	17.936	19.955	22.306	17.471	5.494	8.989
2.5982	18.13	20.22	22.673	17.471	5.494	8.989
2.6117	18.315	20.473	23.023	19.025	5.494	8.989
2.6272	18.527	20.765	23.428	19.025	5.494	8.989
2.6841	19.332	21.875	24.985	20.408	5.494	8.989
2.7207	19.867	22.617	26.038	20.675	5.494	10.7
2.7283	19.98	22.775	26.263	20.675	5.494	10.7
2.7926	20.963	24.145	20.667	22.272	6.202	10.7
2.8405	21.725	25.215	21.559	23.462	6.202	12.325
2.8571	21.996	25.597	21.877	23.462	7.312	12.325
2.9242	23.126	27.194	23.207	24.672	7.312	14.257
2.9327	23.273	27.403	23.382	25.391	7.312	14.257
3.0016	24.501	29.152	24.84	26.354	10.363	16.469
3.0157	24.76	29.523	25.149	27.256	10.363	16.469
3.0193	24.827	29.617	25.228	27.256	10.363	16.469
3.037	25.157	30.09	25.622	27.256	10.363	16.469
3.042	25.251	30.225	25.735	27.256	10.363	16.469
3.0655	25.699	30.868	26.27	28.21	13.024	16.469
3.0921	26.213	31.608	26.888	29.271	13.024	19.149
3.1986	28.381	34.747	29.506	31.153	14.775	22.475
3.249	29.47	36.333	30.829	32.974	14.775	23.992
3.2598	29.708	36.68	31.119	32.974	14.775	26.106
3.2771	30.094	37.246	31.591	32.974	14.775	26.106
3.3231	31.146	38.787	32.878	35.258	15.745	28.989
3.357	31.944	39.961	33.858	36.628	17.32	28.989
3.3727	32.32	40.516	34.321	36.628	17.32	32.038
3.406	33.134	41.717	35.324	37.632	18.688	33.85
3.437	33.909	42.865	36.284	38.935	20.15	33.85
3.4544	34.352	43.522	36.833	39.763	20.15	36.355
3.5212	36.109	46.134	39.016	41.721	23.123	38.778
3.547	36.811	47.182	39.892	42.587	23.123	41.424
3.578	37.672	48.47	40.97	44.136	28.884	45.139
3.597	38.21	49.276	41.644	44.136	28.884	46.864
3.618	38.814	50.181	42.402	45.905	28.884	48.019
3.646	39.634	51.413	43.433	47.025	32.907	48.431
3.6537	39.862	51.756	43.72	47.025	32.907	48.431
3.686	40.835	53.221	44.947	48.82	33.69	48.431
3.706	41.449	54.148	45.723	48.82	35.727	49.356
3.73	42.198	55.28	46.671	50.555	35.727	49.356
3.7395	42.498	55.734	47.051	50.555	38.544	49.356
3.7795	43.786	57.685	48.686	52.517	39.951	50.471
3.7901	44.134	58.212	49.128	52.517	39.951	50.471
3.802	44.528	58.81	49.629	53.478	42.35	50.471
3.844	45.946	60.966	51.437	55.34	42.35	51.117
3.8531	46.259	61.443	51.837	55.34	45.4	51.117
3.863	46.602	61.965	52.275	56.507	45.4	51.58
3.9428	49.462	66.334	55.942	59.995	48.654	54.709
3.947	49.618	66.572	56.142	59.995	48.654	56.009
3.9803	50.866	68.486	57.749	62.21	50.403	57.762
4.0518	53.655	72.771	61.35	65.341	54.324	61.551
4.06	53.984	73.278	61.776	65.341	54.774	61.551
4.082	54.878	74.655	62.935	65.341	55.853	61.551
4.1328	56.998	77.93	65.689	70.399	57.364	66.295
4.2863	63.918	88.663	74.731	73.368	63.295	81.184
4.3321	66.14	92.126	77.652	79.596	65.242	85.695
4.357	67.381	94.062	79.286	79.596	66.418	89.874
4.3806	68.578	95.932	80.864	79.596	67.57	92.732
4.4672	73.158	103.098	86.918	90.278	69.981	101.205
4.47	73.311	103.338	87.121	90.278	69.981	101.205
4.484	74.081	104.545	88.142	90.278	70.714	101.205
4.5897	80.162	114.1	96.227	98.141	73.457	114.544
4.603	80.962	115.359	97.294	98.141	74.157	114.544
4.8187	95.104	137.697	116.247	117.768	79.122	152.672
4.859	98.008	142.299	120.159	117.768	80.793	152.672
4.991	108.156	158.41	133.875	130.185	84.104	195.165
5.072	114.896	169.133	143.019	138.996	86.098	203.594
5.1192	119.016	175.694	148.62	150.717	91.069	213.533
5.1363	120.545	178.129	150.7	150.717	91.069	213.533
5.278	133.993	199.576	169.044	162.003	110.553	229.784
5.431	150.202	225.462	191.241	171.825	133.835	240.156
5.4623	153.753	231.134	196.113	191.659	141.563	240.156
5.7013	183.779	279.123	237.431	226.819	170.84	263.035
5.732	188.038	285.93	243.306	226.819	170.84	263.035
5.8552	206.149	314.859	268.309	250.168	196.468	273.698
6.0543	239.178	367.546	313.982	297.416	264.022	326.075
6.084	244.539	376.087	321.402	297.416	308.609	326.075
6.3506	298.378	461.648	395.944	359.194	366.28	482.966
6.3615	300.815	465.511	399.319	359.194	366.28	482.966
6.3723	303.25	469.369	402.69	359.194	366.28	482.966
6.3782	304.589	471.49	404.542	359.194	366.28	482.966
6.3929	307.949	476.814	409.194	359.194	431.136	482.966
6.441	319.206	494.633	424.777	396.498	431.136	482.966
6.4461	320.423	496.559	426.462	399.573	431.136	482.966
6.457	323.04	500.699	430.085	401.956	431.136	482.966
6.627	366.744	569.665	490.54	452.636	570.525	672.852
6.645	371.704	577.473	497.397	452.636	570.525	672.852
6.701	387.57	602.42	519.32	452.636	570.525	672.852
6.8232	424.582	660.456	570.41	496.105	661.275	724.904
7.3882	647.302	1005.007	875.865	670.112	1123.541	876.174
7.401	653.516	1014.509	884.334	670.112	1287.333	876.174
7.9352	973.685	1496.812	1316.587	982.907	1799.566	947.532
8.446	1425.593	2156.646	1913.904	1391.598	2681.948	1610.071
8.45	1429.854	2162.769	1919.473	1391.598	2681.948	1610.071
8.453	1433.06	2167.371	1923.659	1391.598	2681.948	1610.071
8.457	1437.344	2173.523	1929.255	1391.598	2681.948	1610.071
8.463	1443.797	2182.783	1937.678	1391.598	2681.948	1610.071
8.465	1445.953	2185.878	1940.493	1391.598	2681.948	1610.071
8.472	1453.528	2196.742	1950.378	1391.598	2681.948	1610.071
8.475	1456.786	2201.415	1954.628	1391.598	2681.948	1610.071
8.477	1458.963	2204.533	1957.467	1391.598	2681.948	1610.071
8.48	1462.232	2209.222	1961.733	1391.598	2681.948	1610.071
8.484	1466.605	2215.487	1967.435	1391.598	2681.948	1610.071
8.561	1553.362	2339.445	2080.327	1689.798	2681.948	1610.071
9.4062	2919.083	4214.933	3804.314	2351.479	5139.704	2817.937
