0.25	3.3	1.104	1.426	1.9999999999999998e-30	6.65	2.42
0.5	4.08	1.71	2.02	0.594	9.68	3.77
0.75	5.04	2.52	2.82	1.248	12.0	4.32704
1.0	6.24	3.64	3.94	1.818	20.472	6.712
1.25	7.72	5.18	5.46	2.82	31.259999999999998	11.979999999999999
1.5	9.56	7.28	7.54	4.36	58.0	24.88
1.75	11.84	10.14	10.36	6.48	78.60000000000001	42.01
2.0	14.66	14.0	14.16	13.42	117.4	58.2
2.25	18.14	18.92	18.82	22.0	143.6	66.0
2.5	22.4	24.6	23.6	26.6	172.9	68.4
2.75	27.8	32.0	30.0	32.8	200.4	94.3
3.0	34.4	41.2	38.0	41.2	230.7	163.0
3.25	42.6	52.8	48.6	51.6	275.7	243.2
3.5	52.6	67.6	62.0	64.6	346.8	315.6
3.75	65.2	85.8	79.2	80.8	444.5	350.0
4.0	80.6	108.6	101.4	101.0	570.0	388.0
4.25	99.8	137.0	130.0	126.0	748.0	431.0
4.5	123.6	172.2	166.6	156.4	1319.0	711.0
4.75	153.0	216.0	210.0	193.2	1319.0	711.0
5.0	189.4	268.0	262.0	238.0	2258.0	1184.0
5.5	290.0	414.0	402.0	360.0	3510.0	1494.0
6.0	444.0	632.0	614.0	540.0	5160.0	1982.0
6.5	680.0	952.0	928.0	800.0	7680.0	3130.0
7.0	1042.0	1420.0	1388.0	1174.0	11750.0	4520.0
7.5	1598.0	2100.0	2060.0	1710.0	18110.0	5990.0
8.0	2440.0	3080.0	3020.0	2460.0	28000.0	8590.0
8.5	3740.0	4460.0	4420.0	3520.0	42200.0	12000.0
9.0	5740.0	6440.0	6380.0	5020.0	62400.0	15990.0
9.5	8800.0	9240.0	9180.0	7100.0	62400.0	15990.0
10.0	13420.0	13140.0	13120.0	9960.0	131300.0	30500.0
11.0	30400.0	26200.0	26200.0	19240.0	272000.0	59700.0
12.0	67000.0	51800.0	51400.0	36400.0	554000.0	113000.0
13.0	142800.0	100400.0	98400.0	67600.0	1071000.0	221000.0
14.0	298000.0	190800.0	185200.0	123000.0	2008000.0	398000.0
15.0	606000.0	356000.0	342000.0	220000.0	3690000.0	643000.0
16.0	1208000.0	654000.0	622000.0	390000.0	6570000.0	991000.0
17.0	2360000.0	1182000.0	1116000.0	676000.0	11300000.0	1466000.0
18.0	4540000.0	2100000.0	1972000.0	1162000.0	18970000.0	2110000.0
19.0	8580000.0	3700000.0	3440000.0	1970000.0	30600000.0	3060000.0
20.0	15980000.0	6440000.0	5920000.0	3300000.0	30600000.0	3060000.0
22.5	71200000.0	24400000.0	22000000.0	11400000.0	94800000.0	7540000.0
25.0	294000000.0	87200000.0	77000000.0	37400000.0	255000000.0	17190000.0
30.0	4200000000.0	948000000.0	804000000.0	350000000.0	1425000000.0	85200000.0
40.0	484000000000.0	69200000000.0	54800000000.0	19840000000.0	29100000000.0	2450000000.0
50.0	32400000000000.0	3160000000000.0	2360000000000.0	750000000000.0	549000000000.0	55600000000.0
60.0	1474000000000000.0	103200000000000.0	72400000000000.0	21000000000000.0	13000000000000.0	1039000000000.0
70.0	4.98e+16	2580000000000000.0	1720000000000000.0	470000000000000.0	232000000000000.0	18210000000000.0
80.0	1.328e+18	5.24e+16	3.34e+16	8720000000000000.0	3560000000000000.0	306000000000000.0
90.0	2.92e+19	8.94e+17	5.44e+17	1.39e+17	4.7e+16	4870000000000000.0
100.0	5.46e+20	1.316e+19	7.72e+18	1.926e+18	5.54e+17	6.64e+16
110.0	8.88e+21	1.712e+20	9.66e+19	2.38e+19	5.88e+18	7.6e+17
120.0	1.28e+23	1.998e+21	1.088e+21	2.66e+20	5.68e+19	7.86e+18
130.0	1.662e+24	2.12e+22	1.116e+22	2.7e+21	5.08e+20	7.3e+19
140.0	1.962e+25	2.06e+23	1.052e+23	2.54e+22	4.24e+21	5.92e+20
150.0	2.1399999999999998e+26	1.856e+24	9.2e+23	2.2e+23	3.3e+22	4.5e+21
160.0	2.14e+27	1.562e+25	7.52e+24		2.42e+23	3.2e+22
170.0	2.02e+28	1.2339999999999998e+26	5.76e+25		1.692e+24	2.14e+23
180.0	1.772e+29	9.2e+26	4.18e+26		1.122e+25	1.346e+24
190.0	1.474e+30	6.5e+27	2.88e+27		7.019999999999999e+25	8.06e+24
200.0	1.1619999999999999e+31	4.38e+28	1.8900000000000003e+28		3.56e+26	4.5199999999999995e+25
