2.2663	10.679	9.697	9.729	10.616	6.085	26.727
2.3181	11.046	10.157	10.143	10.616	6.085	26.727
2.3239	11.088	10.21	10.19	10.616	6.085	26.727
2.36	11.352	10.545	10.49	11.535	6.085	33.598
2.3909	11.584	10.84	10.754	11.535	6.085	33.598
2.5877	13.171	12.807	12.597	13.583	6.085	36.526
2.6645	13.848	13.617	13.398	13.583	6.085	31.793
2.706	14.229	14.076	13.852	14.763	6.085	27.159
2.715	14.312	14.177	13.952	14.763	6.085	26.699
2.9282	16.449	16.794	16.553	17.287	6.085	18.277
2.9929	17.158	17.677	17.433	18.511	6.085	14.392
3.0248	17.519	18.128	17.884	18.511	6.085	13.176
3.0427	17.725	18.387	18.142	18.511	6.085	13.176
3.1141	18.57	19.452	19.208	19.867	6.085	11.855
3.1216	18.662	19.567	19.324	19.867	6.085	11.522
3.1297	18.76	19.692	19.449	19.867	6.085	11.522
3.309	21.089	22.672	22.443	23.595	6.085	10.768
3.3193	21.232	22.856	22.629	23.595	6.085	10.768
3.3295	21.374	23.04	22.814	23.595	6.085	10.768
3.434	22.882	25.001	24.794	25.822	6.085	16.195
3.437	22.927	25.059	24.854	26.097	6.085	16.195
3.4429	23.015	25.175	24.97	26.162	6.085	16.195
3.4478	23.089	25.271	25.068	26.162	6.085	18.557
3.5506	24.691	27.38	27.204	28.155	6.085	24.136
3.5739	25.069	27.88	27.713	28.155	6.085	28.58
3.5781	25.138	27.972	27.806	28.953	5.687	28.58
3.5803	25.174	28.02	27.854	28.953	5.687	32.248
3.615	25.751	28.785	28.633	29.738	6.308	34.53
3.654	26.415	29.67	29.533	29.738	6.803	43.862
3.699	27.202	30.723	30.606	31.377	7.678	53.029
3.7289	27.738	31.443	31.341	31.377	7.678	59.103
3.7418	27.973	31.759	31.663	31.377	7.678	59.103
3.7577	28.264	32.152	32.064	33.161	7.678	59.103
3.8855	30.723	35.486	35.477	34.949	11.576	84.083
3.9052	31.12	36.028	36.034	36.58	11.576	86.805
3.93	31.628	36.723	36.747	37.587	14.854	88.126
4.0	33.107	38.753	38.835	39.603	16.183	92.393
4.051	34.227	40.3	40.428	40.727	16.183	100.598
4.072	34.699	40.954	41.103	42.008	16.183	100.598
4.1003	35.345	41.85	42.028	42.815	16.183	105.208
4.108	35.524	42.099	42.285	42.815	18.688	105.208
4.154	36.607	43.607	43.844	44.297	18.688	109.048
4.183	37.306	44.584	44.856	45.066	18.688	114.609
4.207	37.895	45.408	45.71	45.874	18.688	117.389
4.213	38.044	45.617	45.926	45.874	18.688	117.389
4.258	39.178	47.21	47.579	47.667	24.004	123.055
4.267	39.409	47.535	47.916	47.667	24.004	123.055
4.2952	40.141	48.567	48.989	49.327	26.187	125.342
4.3013	40.301	48.793	49.224	49.327	26.187	125.342
4.307	40.451	49.005	49.444	49.327	26.187	125.039
4.3489	41.572	50.592	51.096	51.464	27.403	124.404
4.4099	43.261	52.991	53.596	53.28	33.222	123.206
4.441	44.148	54.256	54.917	55.173	33.222	122.34
4.465	44.845	55.252	55.957	55.173	33.222	121.669
4.5	45.881	56.736	57.51	55.173	33.222	121.669
4.5283	46.735	57.963	58.794	58.74	40.43	121.669
4.53	46.788	58.039	58.873	58.74	40.43	121.669
4.6222	49.69	62.224	63.264	62.326	47.326	118.632
4.699	52.244	65.931	67.164	65.795	49.032	117.395
4.7112	52.661	66.539	67.804	65.795	49.032	117.395
4.7702	54.728	69.556	70.987	70.553	50.996	115.736
4.81	56.169	71.666	73.216	71.271	52.722	115.736
4.8178	56.455	72.086	73.661	72.81	52.722	120.901
4.9036	59.708	76.874	78.731	75.823	57.193	130.197
4.9142	60.121	77.483	79.377	78.098	57.193	130.197
4.9314	60.8	78.486	80.442	78.098	59.189	136.129
4.9727	62.461	80.946	83.055	79.921	61.55	141.848
5.0425	65.372	85.272	87.659	84.882	65.894	151.455
5.0537	65.852	85.987	88.42	84.882	65.894	151.455
5.1057	68.125	89.381	92.041	90.039	69.73	162.534
5.2187	73.339	97.206	100.411	92.843	74.369	181.178
5.231	73.93	98.096	101.366	98.541	74.369	183.989
5.255	75.097	99.857	103.254	98.541	76.772	188.713
5.264	75.539	100.524	103.971	98.541	76.772	188.713
5.306	77.638	103.698	107.379	103.612	76.772	197.573
5.4275	84.045	113.432	117.863	113.626	81.9	218.207
5.431	84.238	113.725	118.179	113.626	81.9	218.207
5.4436	84.933	114.786	119.324	113.626	81.9	222.209
5.474	86.635	117.385	122.132	116.689	82.514	228.187
5.482	87.088	118.079	122.881	117.488	82.951	229.832
5.5223	89.409	121.631	126.725	120.622	83.623	233.327
5.542	90.566	123.406	128.646	122.742	83.623	233.327
5.55	91.04	124.133	129.434	122.742	84.073	242.784
5.584	93.083	127.271	132.836	126.732	84.766	250.446
5.589	93.387	127.739	133.344	126.732	84.899	251.4
5.596	93.815	128.397	134.057	126.732	84.899	252.358
5.6008	94.109	128.85	134.549	126.732	84.899	252.358
5.608	94.553	129.532	135.289	126.732	84.899	254.824
5.62	95.296	130.677	136.532	129.397	85.438	257.716
5.645	96.863	133.094	139.158	129.397	85.438	257.716
5.657	97.625	134.269	140.435	133.086	85.438	265.119
5.694	100.011	137.955	144.446	136.742	86.615	274.4
5.711	101.127	139.682	146.326	138.973	87.682	278.584
5.719	101.656	140.501	147.219	138.973	87.682	280.012
5.722	101.852	140.805	147.55	138.973	87.682	280.012
5.7775	105.612	146.637	153.91	144.572	89.022	294.443
5.801	107.245	149.173	156.68	147.752	89.774	303.525
5.822	108.725	151.475	159.196	149.683	90.132	309.615
5.8327	109.486	152.662	160.493	151.326	90.132	315.458
5.839	109.938	153.364	161.261	151.326	90.132	317.863
5.846	110.441	154.149	162.119	151.326	90.132	319.726
5.8542	111.033	155.072	163.13	151.326	90.132	322.163
5.8807	112.971	158.094	166.438	154.875	91.3	331.52
5.897	114.179	159.98	168.504	158.677	91.3	337.776
5.914	115.452	161.971	170.687	158.677	91.3	345.198
5.923	116.133	163.035	171.853	161.129	91.3	345.198
5.931	116.741	163.985	172.896	161.129	91.3	353.36
5.941	117.505	165.182	174.209	161.129	91.3	353.36
5.95	118.197	166.266	175.398	164.779	93.443	353.36
5.9584	118.847	167.283	176.515	165.782	93.443	353.36
5.968	119.594	168.454	177.801	165.782	93.443	367.638
5.971	119.828	168.821	178.204	165.782	93.443	367.638
6.033	124.776	176.588	186.745	173.631	95.522	394.108
6.039	125.266	177.358	187.592	173.631	95.522	400.842
6.076	128.327	182.176	192.9	179.391	97.227	411.881
6.086	129.168	183.5	194.359	180.869	97.227	421.3
6.0918	129.658	184.271	195.21	180.869	97.227	425.705
6.103	130.609	185.771	196.864	182.599	99.056	432.65
6.1275	132.714	189.092	200.529	187.015	99.056	442.26
6.197	138.872	198.827	211.289	195.842	106.703	478.639
6.201	139.235	199.402	211.925	197.118	106.703	478.639
6.206	139.69	200.123	212.723	197.118	107.869	488.641
6.21	140.055	200.701	213.363	197.118	107.869	488.641
6.229	141.803	203.47	216.429	199.167	107.869	497.921
6.2367	142.517	204.603	217.684	201.221	110.367	497.921
6.296	148.141	213.532	227.586	210.218	115.271	531.115
6.3041	148.926	214.78	228.971	210.218	115.271	531.115
6.31	149.5	215.693	229.986	212.59	115.271	531.115
6.3239	150.863	217.861	232.393	214.312	115.271	534.987
6.326	151.07	218.19	232.759	215.291	115.271	537.311
6.336	152.059	219.764	234.509	216.806	119.525	539.809
6.3442	152.875	221.064	235.953	216.806	119.525	539.809
6.365	154.964	224.392	239.655	219.022	123.613	542.16
6.3733	155.801	225.726	241.139	221.494	123.613	542.16
6.381	156.591	226.986	242.541	221.494	123.613	548.159
6.396	158.131	229.444	245.277	224.402	123.613	548.159
6.404	158.959	230.765	246.748	224.402	123.613	548.159
6.41	159.583	231.76	247.857	227.571	123.613	554.816
6.419	160.523	233.262	249.53	227.571	123.613	554.816
6.444	163.163	237.481	254.233	233.047	123.613	558.299
6.451	163.91	238.675	255.566	233.047	134.956	558.299
6.457	164.553	239.704	256.713	233.047	134.956	558.299
6.461	164.984	240.392	257.481	233.047	134.956	558.299
6.47	165.955	241.947	259.216	237.352	134.956	558.299
6.481	167.151	243.86	261.353	239.601	134.956	570.689
6.487	167.807	244.911	262.525	239.601	134.956	570.689
6.493	168.465	245.965	263.702	241.355	134.956	570.689
6.519	171.348	250.584	268.864	245.461	144.261	570.689
6.5302	172.605	252.599	271.118	245.461	147.074	570.689
6.559	175.88	257.854	276.996	252.905	149.679	586.425
6.598	180.414	265.138	285.154	260.383	153.796	593.571
6.6112	181.975	267.647	287.967	260.383	153.796	602.11
6.6249	183.61	270.276	290.915	263.376	153.796	602.11
6.632	184.462	271.648	292.454	263.376	153.796	602.11
6.644	185.913	273.983	295.074	268.279	153.796	602.11
6.661	187.987	277.323	298.823	268.279	167.769	614.594
6.6905	191.641	283.213	305.439	276.444	167.769	614.594
6.6997	192.795	285.074	307.531	279.583	167.769	624.692
6.7083	193.88	286.825	309.5	279.583	167.769	624.692
6.7274	196.312	290.749	313.914	282.639	180.843	630.881
6.7459	198.697	294.6	318.248	288.036	185.026	633.616
6.76	200.534	297.568	321.591	291.489	188.844	639.198
6.7985	205.636	305.819	330.889	297.908	193.758	647.869
6.8101	207.199	308.348	333.741	300.846	193.758	657.669
6.8339	210.442	313.6	339.668	304.74	203.538	666.165
6.8423	211.599	315.474	341.784	304.74	203.538	666.165
6.8649	214.743	320.569	347.539	310.503	208.948	671.011
6.8771	216.46	323.353	350.686	310.503	215.71	671.011
6.885	217.579	325.168	352.737	316.95	217.305	671.011
6.894	218.86	327.247	355.089	316.95	218.939	671.011
6.9029	220.135	329.316	357.429	320.344	221.581	671.011
6.9215	222.824	333.68	362.368	320.344	226.76	671.011
6.939	225.383	337.838	367.075	320.344	232.061	671.011
6.943	225.98	338.807	368.173	320.344	232.061	671.011
6.9461	226.43	339.539	369.002	320.344	232.061	671.011
6.959	228.344	342.65	372.527	332.54	239.272	671.011
6.9677	229.644	344.764	374.923	332.54	239.272	671.011
7.0137	236.643	356.151	387.84	332.54	253.098	671.011
7.0277	238.815	359.688	391.855	348.3	253.098	671.011
7.0448	241.495	364.054	396.815	348.3	262.515	671.011
7.1368	256.439	388.433	424.553	377.259	300.289	671.011
7.18	263.772	400.416	438.214	387.872	316.81	671.011
7.197	266.715	405.228	443.705	387.872	324.185	671.011
7.251	276.282	420.885	461.593	403.27	351.097	671.011
7.299	285.074	435.291	478.075	417.899	370.439	671.011
7.332	291.28	445.469	489.733	427.873	387.465	671.011
7.348	294.337	450.487	495.483	427.873	394.808	671.011
7.3535	295.396	452.223	497.475	427.873	394.808	671.011
7.3916	302.833	464.435	511.487	427.873	408.807	671.011
7.407	305.892	469.461	517.257	427.873	415.229	671.011
7.444	313.368	481.749	531.38	427.873	415.229	671.011
7.4458	313.736	482.355	532.077	427.873	432.626	671.011
7.45	314.598	483.771	533.705	427.873	432.626	671.011
7.4711	318.96	490.946	541.959	427.873	432.626	671.011
