0.25	2.62	43.57
0.5	2.62	56.370000000000005
0.75	11.42	78.7
1.0	17.42	108.1
1.25	23.5	145.3
1.5	23.3	179.1
1.75	26.2	214.8
2.0	30.2	252.1
2.25	40.2	322.0
2.5	54.042	427.0
2.75	77.69	530.0
3.0	109.8	649.0
3.25	133.2	757.0
3.5	161.2	873.0
3.75	195.4	1011.0
4.0	236.0	1011.0
4.25	286.0	1484.0
4.5	348.0	1484.0
4.75	422.0	2252.0
5.0	510.0	2252.0
5.5	750.0	2960.0
6.0	1100.0	3940.0
6.5	1614.0	5810.0
7.0	2380.0	8140.0
7.5	3480.0	12210.0
8.0	5100.0	18000.0
8.5	7500.0	26600.0
9.0	11020.0	39500.0
9.5	15660.0	58600.0
10.0	22000.0	87000.0
11.0	42200.0	182700.0
12.0	75000.0	365000.0
13.0	132200.0	715000.0
14.0	230000.0	1369000.0
15.0	394000.0	2520000.0
16.0	670000.0	4530000.0
17.0	1126000.0	7920000.0
18.0	1880000.0	13530000.0
19.0	3100000.0	22500000.0
20.0	3450000.0	36500000.0
22.5	8060000.0	111100000.0
25.0	17320000.0	346000000.0
30.0	75000000.0	4640000000.0
40.0	1570000000.0	496000000000.0
50.0	32800000000.0	31400000000000.0
60.0	681000000000.0	1364000000000000.0
70.0	12620000000000.0	4.44e+16
80.0	212000000000000.0	1.142e+18
90.0	3000000000000000.0	2.44e+19
100.0	3.72e+16	4.42e+20
110.0	4.26e+17	7e+21
120.0	4.1e+18	9.86e+22
130.0	3.6e+19	1.25e+24
140.0	2.84e+20	1.444e+25
150.0	2.1e+21	1.534e+26
160.0	1.45e+22	1.514e+27
170.0	9.46e+22	1.394e+28
180.0	5.8e+23	1.206e+29
190.0	3.38e+24	9.84e+29
200.0	1.848e+25	7.639999999999999e+30
