0.25	13.3	10.52	10.06	2.62	4.62	43.57
0.5	16.1	14.1	13.6	2.62	4.62	56.370000000000005
0.75	19.52	18.8	18.28	11.42	15.3	78.7
1.0	23.6	24.0	24.6	17.42	21.3	108.1
1.25	28.6	29.8	32.8	29.4	23.5	145.3
1.5	34.8	37.2	43.8	42.8	23.3	179.1
1.75	42.0	46.4	58.2	54.8	26.2	214.8
2.0	51.0	57.6	77.2	69.6	30.2	252.1
2.25	61.8	71.6	57.8	88.0	40.2	322.0
2.5	74.8	88.6	72.2	110.0	54.042	427.0
2.75	90.6	109.4	89.8	137.4	77.69	530.0
3.0	109.8	135.0	111.6	170.8	117.3	649.0
3.25	133.2	166.0	138.2	210.0	174.5	757.0
3.5	161.2	204.0	170.8	258.0	253.3	873.0
3.75	195.4	250.0	210.0	316.0	342.0	1011.0
4.0	236.0	304.0	260.0	384.0	434.0	1011.0
4.25	286.0	372.0	318.0	464.0	550.0	1484.0
4.5	348.0	452.0	390.0	562.0	667.0	1484.0
4.75	422.0	550.0	478.0	676.0	797.0	2252.0
5.0	510.0	666.0	582.0	808.0	975.0	2252.0
5.5	750.0	974.0	862.0	1368.0	1885.0	2960.0
6.0	1100.0	1416.0	1268.0	1924.0	3050.0	3940.0
6.5	1614.0	2040.0	1850.0	2680.0	5020.0	5810.0
7.0	2380.0	2920.0	2680.0	3700.0	8040.0	8140.0
7.5	3480.0	4160.0	3860.0	5080.0	12210.0	10590.0
8.0	5100.0	5900.0	5520.0	6960.0	18000.0	14600.0
8.5	7500.0	8300.0	7860.0	9460.0	26600.0	20660.0
9.0	11020.0	11680.0	11140.0	12840.0	39500.0	28700.0
9.5	16160.0	16460.0	15660.0	17400.0	58600.0	50400.0
10.0	23800.0	23000.0	22000.0	23400.0	87000.0	50400.0
11.0	50800.0	44800.0	42400.0	42200.0	182700.0	86900.0
12.0	106600.0	85200.0	80200.0	75000.0	365000.0	150400.0
13.0	218000.0	159200.0	149600.0	132200.0	715000.0	251000.0
14.0	438000.0	294000.0	274000.0	230000.0	1369000.0	425000.0
15.0	864000.0	532000.0	496000.0	394000.0	2520000.0	700000.0
16.0	1672000.0	950000.0	882000.0	670000.0	4530000.0	1117000.0
17.0	3180000.0	1678000.0	1550000.0	1126000.0	7920000.0	1688000.0
18.0	5980000.0	2920000.0	2700000.0	1880000.0	13530000.0	2420000.0
19.0	11060000.0	5060000.0	4620000.0	3100000.0	22500000.0	3450000.0
20.0	20200000.0	8620000.0	7840000.0	5080000.0	36500000.0	3450000.0
22.5	86400000.0	31400000.0	28200000.0	16660000.0	111100000.0	8060000.0
25.0	346000000.0	108200000.0	95200000.0	52400000.0	300000000.0	17320000.0
30.0	4640000000.0	1112000000.0	946000000.0	454000000.0	1636000000.0	75000000.0
40.0	496000000000.0	75000000000.0	59400000000.0	23200000000.0	30500000000.0	1570000000.0
50.0	31400000000000.0	3240000000000.0	2400000000000.0	816000000000.0	516000000000.0	32800000000.0
60.0	1364000000000000.0	100600000000000.0	70000000000000.0	21600000000000.0	9390000000000.0	681000000000.0
70.0	4.44e+16	2420000000000000.0	1592000000000000.0	462000000000000.0	161900000000000.0	12620000000000.0
80.0	1.142e+18	4.72e+16	2.96e+16	8220000000000000.0	2430000000000000.0	212000000000000.0
90.0	2.44e+19	7.8e+17	4.68e+17	1.254e+17	3.15e+16	3000000000000000.0
100.0	4.42e+20	1.118e+19	6.4e+18	1.686e+18	3.66e+17	3.72e+16
110.0	7e+21	1.414e+20	7.78e+19	2.02e+19	3.83e+18	4.26e+17
120.0	9.86e+22	1.608e+21	8.52e+20	2.2e+20	3.67e+19	4.1e+18
130.0	1.25e+24	1.664e+22	8.52e+21	2.18e+21	3.25e+20	3.6e+19
140.0	1.444e+25	1.584e+23	7.82e+22	1.976e+22	2.67e+21	2.84e+20
150.0	1.534e+26	1.398e+24	6.68e+23	1.672e+23	2.07e+22	2.1e+21
160.0	1.514e+27	1.152e+25	5.34e+24		1.514e+23	1.45e+22
170.0	1.394e+28	8.919999999999999e+25	3.9999999999999995e+25		1.048e+24	9.46e+22
180.0	1.206e+29	6.52e+26	2.84e+26		6.909999999999999e+24	5.8e+23
190.0	9.84e+29	4.5400000000000003e+27	1.922e+27		4.339999999999999e+25	3.38e+24
200.0	7.639999999999999e+30	3e+28	1.236e+28		2.21e+26	1.848e+25
