2.2785	15.877	12.738	12.965	13.018	12.736	16.299
2.3291	16.736	13.705	13.862	13.018	12.736	18.525
2.4066	18.145	15.254	15.269	13.018	12.736	20.616
2.5257	20.544	17.85	17.585	15.612	12.736	23.489
2.533	20.701	18.022	17.738	15.612	12.736	23.489
2.5636	21.372	18.756	18.391	15.612	12.736	24.762
2.5934	22.045	19.494	19.049	15.612	12.736	24.762
2.62	22.665	20.177	19.656	18.059	12.736	24.762
2.6435	23.227	20.797	20.207	18.059	12.736	27.138
2.6497	23.377	20.963	20.355	18.059	12.736	27.138
2.6549	23.505	21.105	20.481	18.059	12.736	27.138
2.669	23.853	21.49	20.823	19.828	12.736	27.138
2.7528	26.03	23.914	22.978	22.229	12.736	29.903
2.839	28.477	26.66	25.419	24.928	12.736	32.472
2.8628	29.192	27.465	26.135	28.706	12.736	33.126
2.8669	29.317	27.607	26.262	28.706	12.736	33.126
2.8745	29.55	27.87	26.495	28.706	12.736	33.126
2.8945	30.173	28.574	27.122	28.706	12.736	34.327
2.9025	30.425	28.859	27.376	28.706	12.736	34.327
2.9476	31.891	30.52	28.855	36.676	14.198	36.062
2.977	32.883	31.648	29.86	36.676	14.198	38.165
2.99	33.332	32.158	30.315	42.975	14.198	38.914
2.9969	33.572	32.432	30.559	42.975	14.198	39.63
3.036	34.969	34.024	31.98	47.345	16.005	40.126
3.079	36.572	35.856	33.617	49.417	16.005	42.493
3.0828	36.719	36.023	33.767	49.417	16.005	42.493
3.086	36.84	36.162	33.891	49.417	16.005	45.502
3.116	38.01	37.502	35.09	51.015	18.547	47.326
3.1202	38.177	37.693	35.261	51.015	18.547	47.326
3.127	38.448	38.004	35.54	51.947	18.547	47.326
3.132	38.649	38.235	35.746	52.39	18.547	47.326
3.143	39.095	38.746	36.204	52.39	18.547	49.28
3.157	39.669	39.405	36.795	53.43	18.547	49.28
3.1665	40.064	39.858	37.202	53.43	18.547	51.627
3.173	40.337	40.171	37.482	53.43	20.273	51.627
3.2403	43.268	43.542	40.511	57.43	21.725	60.303
3.2611	44.216	44.635	41.495	58.275	22.604	61.954
3.274	44.815	45.324	42.116	58.845	23.415	64.829
3.278	45.002	45.54	42.311	59.248	23.415	64.829
3.3261	47.316	48.208	44.719	61.056	24.526	69.395
3.3379	47.901	48.884	45.33	61.056	24.526	73.009
3.347	48.358	49.411	45.806	63.197	24.526	75.495
3.3553	48.778	49.896	46.245	63.197	26.479	75.495
3.399	51.051	52.522	48.625	65.852	26.479	82.935
3.402	51.211	52.706	48.792	65.852	26.479	82.935
3.407	51.479	53.016	49.073	66.896	26.479	86.13
3.427	52.563	54.269	50.211	67.427	26.479	89.065
3.449	53.783	55.678	51.493	69.088	30.246	90.923
3.457	54.233	56.199	51.967	69.088	30.246	93.26
3.482	55.665	57.854	53.475	71.745	30.246	95.863
3.504	56.956	59.347	54.837	72.33	33.691	97.465
3.513	57.493	59.968	55.404	72.33	34.001	100.116
3.541	59.196	61.937	57.205	75.766	35.564	104.192
3.563	60.569	63.524	58.66	76.975	37.2	107.32
3.576	61.395	64.48	59.536	76.975	37.2	109.257
3.595	62.623	65.899	60.84	79.679	37.2	111.153
3.606	63.346	66.734	61.607	79.679	39.624	114.018
3.6319	65.079	68.737	63.452	82.796	41.771	117.442
3.646	66.043	69.851	64.478	82.796	41.771	119.973
3.656	66.735	70.65	65.216	84.037	43.43	122.391
3.685	68.783	73.016	67.402	85.541	43.43	125.743
3.714	70.894	75.453	69.659	89.101	46.557	128.262
3.728	71.936	76.655	70.775	90.479	48.73	130.277
3.74	72.841	77.7	71.745	91.79	50.117	131.622
3.753	73.835	78.846	72.811	91.79	50.117	132.746
3.777	75.705	81.002	74.819	93.429	53.307	135.31
3.796	77.22	82.747	76.446	96.347	53.937	137.192
3.808	78.192	83.867	77.492	96.347	54.946	138.07
3.825	79.59	85.476	78.997	98.166	54.946	139.199
3.851	81.776	87.992	81.354	100.935	56.883	142.039
3.881	84.374	90.978	84.159	104.331	56.883	145.76
3.895	85.614	92.402	85.5	105.59	59.285	146.38
3.901	86.151	93.019	86.081	105.59	59.285	146.38
3.904	86.421	93.329	86.373	107.48	59.285	146.38
3.925	88.334	95.524	88.444	107.48	60.71	148.364
3.958	91.425	99.067	91.795	112.923	62.213	157.69
3.964	91.999	99.724	92.418	112.923	62.213	157.69
3.976	93.157	101.05	93.675	112.923	63.987	160.059
3.987	94.231	102.279	94.842	115.276	64.618	160.059
4.006	96.116	104.435	96.892	118.414	65.148	165.577
4.014	96.921	105.354	97.767	118.414	65.148	165.577
4.031	98.653	107.334	99.654	120.94	66.758	173.388
4.044	99.999	108.87	101.121	122.598	69.211	177.311
4.049	100.522	109.466	101.69	122.598	69.211	177.311
4.056	101.258	110.305	102.493	123.987	70.561	177.311
4.087	104.583	114.094	106.123	127.169	72.89	185.048
4.0955	105.514	115.154	107.14	127.169	74.6	188.721
4.119	108.131	118.129	110.001	130.617	76.527	195.36
4.126	108.923	119.029	110.867	132.034	76.527	195.36
4.141	110.639	120.978	112.746	133.906	79.359	199.78
4.176	114.75	125.639	117.252	137.214	83.641	207.65
4.184	115.711	126.727	118.307	139.16	83.641	211.611
4.201	117.78	129.068	120.578	141.133	86.937	214.322
4.217	119.76	131.307	122.754	143.672	89.322	217.62
4.227	121.015	132.724	124.133	143.672	91.559	217.62
4.237	122.283	134.155	125.528	146.36	91.559	219.289
4.244	123.179	135.165	126.513	146.36	93.707	221.614
4.266	126.036	138.385	129.659	150.717	96.418	224.78
4.271	126.695	139.126	130.384	150.717	96.418	224.78
4.29	129.229	141.977	133.177	152.281	100.14	228.24
4.304	131.129	144.111	135.272	155.866	100.14	228.24
4.32	133.334	146.586	137.706	159.011	101.498	232.175
4.331	134.872	148.31	139.404	159.011	101.498	234.722
4.357	138.577	152.459	143.499	163.353	103.552	240.249
4.366	139.883	153.92	144.943	165.338	105.101	242.003
4.376	141.349	155.558	146.565	166.881	106.049	243.415
4.389	143.277	157.71	148.699	168.204	106.969	246.354
4.397	144.477	159.049	150.028	170.485	106.969	246.354
4.418	147.674	162.611	153.571	172.637	108.345	251.606
4.436	150.471	165.723	156.672	177.269	109.966	251.606
4.46	154.283	169.956	160.902	179.756	112.269	256.892
4.483	158.027	174.104	165.06	185.18	113.948	262.243
4.49	159.184	175.385	166.347	185.18	113.948	262.243
4.513	163.046	179.655	170.641	189.884	116.174	272.02
4.524	164.927	181.731	172.734	191.924	116.174	272.02
4.533	166.481	183.445	174.464	193.798	117.973	276.404
4.54	167.7	184.788	175.822	193.798	119.614	276.404
4.566	172.308	189.857	180.954	199.966	120.989	284.905
4.598	178.152	196.271	187.472	203.874	124.141	289.131
4.616	181.526	199.965	191.238	208.337	127.557	294.038
4.647	187.488	206.476	197.898	214.176	130.818	302.572
4.668	191.637	210.996	202.538	219.572	134.098	306.029
4.682	194.454	214.059	205.69	221.196	136.027	311.267
4.706	199.38	219.406	211.204	224.585	137.985	317.771
4.724	203.156	223.495	215.435	230.668	140.505	324.902
4.736	205.713	226.26	218.301	230.668	143.173	324.902
4.759	210.705	231.647	223.898	236.044	145.372	334.884
4.776	214.472	235.705	228.124	241.433	149.052	341.709
4.795	218.762	240.316	232.942	241.433	149.052	341.709
4.808	221.746	243.519	236.294	247.229	152.116	341.709
4.822	225.006	247.011	239.956	251.193	154.717	358.3
4.848	231.188	253.619	246.906	255.569	158.296	358.3
4.863	234.831	257.505	251.004	260.495	159.927	358.3
4.892	242.038	265.172	259.117	268.305	162.277	382.774
4.923	249.986	273.599	268.072	273.227	167.477	398.534
4.932	252.343	276.091	270.728	277.735	167.477	403.185
5.017	275.721	300.674	297.112	301.96	179.866	431.376
5.063	289.264	314.8	312.421	310.134	184.34	460.609
5.077	293.516	319.219	317.231	315.637	186.434	468.339
5.083	295.357	321.13	319.315	315.637	186.434	468.339
5.1	300.638	326.601	325.291	315.637	188.717	474.522
5.217	339.632	366.643	369.489	357.778	200.555	524.008
5.23	344.266	371.359	374.747	360.938	203.953	534.323
5.236	346.426	373.556	377.2	364.607	203.953	534.323
5.244	349.327	376.501	380.492	364.607	203.953	541.683
5.262	355.943	383.209	388.007	364.607	206.929	548.769
5.296	368.784	396.178	402.597	364.607	216.161	553.103
5.305	372.26	399.678	406.546	386.634	216.161	553.103
5.31	374.205	401.635	408.759	386.634	216.161	553.103
5.32	378.126	405.575	413.215	386.634	221.11	553.103
5.335	384.085	411.551	419.992	386.634	226.611	571.564
5.384	404.212	431.643	442.892	414.919	237.412	571.564
5.392	407.597	435.008	446.746	419.618	242.848	571.564
5.424	421.422	448.709	462.487	429.177	255.082	602.886
5.43	424.066	451.322	465.5	429.177	255.082	602.886
5.447	431.647	458.801	474.136	439.905	260.416	622.157
5.526	468.697	495.078	516.376	460.174	287.316	653.341
5.603	507.867	532.961	561.079	492.77	301.518	687.027
5.618	515.87	540.645	570.217	492.77	314.314	687.027
5.632	523.453	547.908	578.878	513.693	314.314	687.027
5.732	580.961	602.463	644.604	549.603	348.576	687.027
5.779	610.132	629.796	677.965	579.176	348.576	784.907
6.07	826.339	826.163	925.571	744.703	526.138	784.907
6.486	1274.91	1206.365	1348.471	998.428	744.06	1317.274
6.556	1371.414	1284.393	1434.042	998.428	744.06	1317.274
7.505	3614.964	2925.35	3220.742	1827.042	1640.945	2007.883
7.9393	5524.996	4199.911	4598.153	3110.411	2637.848	3392.686
8.4843	9262.209	6533.82	7107.266	4495.528	4909.335	5928.378
8.535	9710.17	6803.699	7396.607	4495.528	4909.335	5928.378
9.483	22930.141	14238.395	15326.383	8040.242	10183.881	8357.747
10.513	55698.37	30883.14	32682.303	16152.873	16013.837	25044.155
10.575	58673.874	32332.138	34171.063	16152.873	16013.837	28624.384
10.9	76892.824	41038.598	43080.792	26733.215	37463.941	28624.384
