0.4262	15.221	12.942	12.443	9.194	13.033	46.602
0.5483	16.718	14.919	14.398	9.194	13.033	56.517
0.6375	17.903	16.532	16.008	9.194	13.033	62.715
0.6448	18.004	16.672	16.148	9.194	13.033	63.643
0.675	18.426	17.257	16.736	11.207	14.987	63.643
0.6983	18.759	17.723	17.205	11.207	14.987	67.421
0.7277	19.188	18.327	17.814	11.207	14.987	70.888
0.7559	19.608	18.924	18.418	11.207	14.987	73.917
0.9153	22.161	22.185	22.215	16.011	21.164	88.07
0.9827	23.338	23.556	24.038	17.091	21.164	97.538
1.023	24.072	24.417	25.197	21.137	22.776	101.508
1.0516	24.606	25.045	26.051	21.137	22.776	105.643
1.0772	25.094	25.622	26.84	21.137	22.776	110.501
1.1417	26.368	27.133	28.929	27.124	23.902	120.233
1.1441	26.417	27.192	29.011	27.124	23.902	120.233
1.17	26.948	27.824	29.897	27.124	23.462	124.375
1.2215	28.035	29.126	31.736	29.631	23.185	128.882
1.2486	28.626	29.836	32.749	31.355	22.97	134.174
1.285	29.437	30.814	34.155	32.781	22.615	139.195
1.3463	30.855	32.531	36.657	38.167	22.247	150.455
1.3543	31.045	32.763	36.997	38.167	22.247	150.455
1.367	31.349	33.133	37.542	38.167	22.616	154.306
1.3705	31.433	33.235	37.693	38.167	22.616	154.306
1.3739	31.516	33.335	37.841	38.167	22.616	154.306
1.395	32.031	33.963	38.772	40.447	22.616	158.034
1.4033	32.235	34.213	39.143	40.447	23.129	158.034
1.4102	32.407	34.422	39.455	40.447	23.129	158.034
1.4161	32.554	34.602	39.724	40.447	23.129	158.034
1.4275	32.84	34.952	40.248	42.071	23.129	161.527
1.4296	32.892	35.016	40.344	42.071	23.129	161.527
1.433	32.979	35.122	40.503	42.071	23.552	161.527
1.4857	34.342	36.795	43.03	43.43	24.216	168.395
1.5049	34.851	37.422	43.986	45.605	24.216	168.395
1.5073	34.915	37.501	44.108	45.605	24.216	168.395
1.5112	35.02	37.63	44.305	45.605	24.216	168.395
1.5259	35.418	38.121	45.058	45.605	24.845	173.999
1.5681	36.583	39.562	47.285	48.259	25.396	176.388
1.5816	36.966	40.036	48.023	48.855	25.6	176.388
1.587	37.119	40.226	48.32	49.579	25.657	176.388
1.6776	39.794	43.556	53.584	52.627	26.241	195.075
1.6795	39.85	43.626	53.697	52.627	26.241	195.075
1.6806	39.886	43.67	53.767	52.627	26.241	195.075
1.6821	39.931	43.728	53.859	52.627	26.303	195.075
1.7105	40.812	44.83	55.63	55.75	26.496	200.562
1.7363	41.629	45.853	57.287	57.316	26.496	204.372
1.745	41.908	46.203	57.857	57.316	26.687	204.372
1.7595	42.377	46.793	58.818	57.316	26.752	204.372
1.775	42.884	47.431	59.864	59.438	26.752	209.872
1.8203	44.402	49.344	63.023	62.283	27.084	214.815
1.8276	44.652	49.659	63.547	62.283	27.084	217.689
1.843	45.183	50.331	64.666	62.283	27.797	217.689
1.9167	47.815	53.666	70.297	67.978	30.306	228.403
1.9205	47.954	53.843	70.599	67.978	30.306	228.403
1.9814	50.249	56.766	75.628	70.837	31.964	240.372
1.996	50.816	57.489	76.886	72.89	32.965	240.372
2.022	51.841	58.799	79.175	74.714	33.406	240.372
2.0675	53.685	61.16	83.342	78.745	35.198	252.81
2.107	55.338	63.283	87.134	81.665	36.815	252.81
2.139	56.715	65.054	52.288	84.136	38.119	252.81
2.1459	57.016	65.442	52.613	84.136	38.119	252.81
2.148	57.107	65.559	52.711	84.136	38.119	252.81
2.1547	57.403	65.94	53.03	84.136	39.7	252.81
2.1606	57.665	66.278	53.314	84.136	39.7	252.81
2.176	58.349	67.161	54.053	87.035	40.577	279.196
2.224	60.54	69.991	56.426	88.635	42.169	279.196
2.2394	61.26	70.923	57.208	91.525	42.169	298.41
2.2954	63.952	74.413	60.139	95.083	45.874	319.828
2.315	64.922	75.673	61.199	98.183	47.294	319.828
2.36	67.205	78.643	63.698	102.258	48.241	319.828
2.374	67.931	79.589	64.495	102.258	50.39	345.869
2.422	70.482	82.916	67.3	108.22	52.636	361.445
2.4441	71.688	84.492	68.63	108.22	55.285	361.445
2.486	74.033	87.559	71.22	111.723	58.236	381.507
2.506	75.178	89.06	72.489	115.557	60.882	381.507
2.5186	75.909	90.019	73.299	115.557	60.882	381.507
2.547	77.583	92.215	75.157	118.938	63.403	381.507
2.565	78.663	93.633	76.358	122.111	66.166	381.507
2.61	81.429	97.269	79.439	125.537	69.911	381.507
2.6227	82.227	98.319	80.33	129.526	69.911	381.507
2.6386	83.237	99.65	81.459	129.526	73.867	462.062
2.704	87.524	105.303	86.26	138.892	82.997	462.062
2.725	88.947	107.182	87.858	141.421	86.377	462.062
2.74	89.977	108.544	89.017	141.421	86.377	462.062
2.834	96.713	117.459	96.612	154.142	98.211	462.062
2.8475	97.721	118.795	97.752	154.142	105.183	548.959
2.86	98.663	120.045	98.819	159.757	105.183	548.959
2.876	99.883	121.664	100.201	159.757	105.183	548.959
2.8923	101.139	123.331	101.625	159.757	112.49	548.959
2.92	103.315	126.222	104.096	168.314	115.683	548.959
2.944	105.237	128.775	106.281	168.314	115.683	591.493
2.993	109.273	134.143	110.877	176.226	125.913	591.493
3.008	110.539	135.828	112.321	176.226	136.888	591.493
3.0295	112.382	138.283	114.426	184.393	139.683	591.493
3.15	123.274	152.809	126.904	199.135	166.969	678.384
3.1915	127.267	158.141	131.495	210.773	180.546	678.384
3.31	139.391	174.352	145.483	226.944	201.623	678.384
3.42	151.677	190.802	159.721	242.685	254.052	807.027
3.4348	153.413	193.128	161.737	242.685	254.052	807.027
3.55	167.601	212.142	178.251	258.741	295.937	856.447
3.58	171.507	217.379	182.808	283.303	295.937	856.447
3.6275	177.885	225.931	190.257	297.692	319.801	856.447
3.6751	184.5	234.802	197.994	297.692	339.683	856.447
3.9792	233.04	299.85	255.003	355.721	393.653	1066.458
4.104	256.471	331.197	282.628	407.312	469.51	1138.267
4.165	268.767	347.626	297.142	407.312	469.51	1138.267
4.4473	333.825	434.282	374.047	514.915	614.328	1399.583
4.5965	374.362	488.016	421.996	585.364	691.857	1897.584
4.628	383.528	500.138	432.837	585.364	691.857	2005.298
4.6877	401.506	523.88	454.095	585.364	810.71	2005.298
4.7464	420.038	548.306	476.0	685.818	810.71	2149.657
5.0	510.347	666.697	582.597	789.771	948.902	2544.724
5.0483	529.607	691.806	605.288	789.771	1078.189	2544.724
5.1074	554.219	723.82	634.258	883.497	1078.189	2720.755
5.2583	622.311	811.988	714.253	982.485	1290.68	2720.755
5.6196	821.273	1066.353	946.516	1096.734	1784.662	3422.894
5.72	887.132	1149.547	1022.89	1311.597	1784.662	3422.894
5.785	932.537	1206.63	1075.396	1311.597	1784.662	3422.894
5.8414	973.814	1258.334	1123.024	1311.597	2197.415	3422.894
6.0082	1106.867	1423.824	1275.87	1697.328	2534.447	4552.85
6.1749	1258.059	1609.834	1448.334	1828.94	2832.026	4823.248
6.2163	1298.698	1659.48	1494.475	1828.94	2832.026	4823.248
6.39	1484.015	1884.109	1703.761	2192.055	3708.007	5600.755
6.5294	1651.694	2085.013	1891.602	2351.251	4127.702	6632.343
7.1009	2561.669	3142.616	2888.613	3280.046	6789.862	8465.603
7.1345	2628.667	3218.588	2960.679	3280.046	6789.862	8465.603
7.2414	2853.562	3471.962	3201.367	3280.046	6789.862	9968.207
7.2853	2951.403	3581.422	3305.514	3280.046	8950.532	9968.207
7.6199	3816.104	4530.661	4212.339	4376.961	11761.602	12546.689
7.71	4089.493	4824.638	4494.378	4936.429	11761.602	12546.689
7.97	4993.226	5778.424	5412.709	5649.753	13939.212	16338.963
8.19	5912.257	6723.483	6326.945	6303.946	15951.375	18693.785
8.6005	8103.237	8894.757	8440.46	8882.046	24550.791	23244.282
8.9587	10668.94	11345.509	10820.49	8882.046	33188.974	31206.268
9.045	11399.955	12044.953	11483.016	11217.875	33188.974	31206.268
9.276	13612.676	14125.152	13452.289	12854.473	39489.866	34209.509
9.43	15321.588	15697.682	14939.912	14166.84	44706.867	34209.509
9.478	15896.886	16221.042	15434.837	14166.84	44706.867	34209.509
9.64	18002.816	18112.945	17223.355	15923.584	56470.312	34209.509
9.689	18693.135	18725.503	17802.234	16929.282	56470.312	34209.509
9.916	22253.015	21830.396	20734.938	19234.125		34209.509
10.083	25297.913	24422.136	23181.219	20875.079		34209.509
10.216	28018.238	26693.743	25324.303	23451.214		34209.509
10.405	32394.254	30271.591	28697.76	25623.9		34209.509
