0.25	1.9999999999999998e-30	1.916
0.5	1.9999999999999998e-30	2.48
0.75	1.9999999999999998e-30	3.22
1.0	1.9999999999999998e-30	4.18
1.25	1.9999999999999998e-30	5.44
1.5	1.53	7.06
1.75	2.98	9.16
2.0	4.16	13.14
2.25	4.01	19.3
2.5	5.13	25.84
2.75	8.87	32.61
3.0	12.8	45.1
3.25	19.58	73.8
3.5	28.11	111.7
3.75	41.14	141.0
4.0	59.3	187.8
4.25	79.8	237.0
4.5	107.19999999999999	290.0
4.75	131.3	368.0
5.0	163.3	368.0
5.5	243.3	577.0
6.0	567.0	858.0
6.5	971.0	1366.0
7.0	1608.0	2180.0
7.5	2560.0	3600.0
8.0	3840.0	5860.0
8.5	5560.0	9400.0
9.0	7980.0	14880.0
9.5	11420.0	23200.0
10.0	16180.0	36000.0
11.0	32000.0	83400.0
12.0	61600.0	186800.0
13.0	116400.0	404000.0
14.0	216000.0	852000.0
15.0	390000.0	1750000.0
16.0	680000.0	3520000.0
17.0	1076000.0	6900000.0
18.0	1622000.0	13320000.0
19.0	2430000.0	25200000.0
20.0	3790000.0	47200000.0
22.5	9430000.0	210000000.0
25.0	23500000.0	872000000.0
30.0	120900000.0	12360000000.0
40.0	2910000000.0	1412000000000.0
50.0	64300000000.0	94600000000000.0
60.0	1367000000000.0	4320000000000000.0
70.0	26200000000000.0	1.48e+17
80.0	523000000000000.0	4e+18
90.0	7930000000000000.0	8.96e+19
100.0	1.057e+17	1.708e+21
110.0	1.379e+18	2.84e+22
120.0	1.522e+19	4.18e+23
130.0	1.51e+20	5.52e+24
140.0	1.266e+21	6.6599999999999994e+25
150.0	9.9e+21	7.4e+26
160.0	7.24e+22	7.6e+27
170.0	5.02e+23	7.28e+28
180.0	3.26e+24	6.56e+29
190.0	2.0199999999999998e+25	5.56e+30
200.0	1.164e+26	4.48e+31
