0.25	1.9999999999999998e-30	6.65
0.5	0.594	9.68
0.75	1.248	12.0
1.0	1.818	20.472
1.25	2.82	31.259999999999998
1.5	4.36	58.0
1.75	6.48	78.60000000000001
2.0	13.42	117.4
2.25	18.14	143.6
2.5	22.4	172.9
2.75	27.8	200.4
3.0	34.4	230.7
3.25	42.6	275.7
3.5	52.6	346.8
3.75	65.2	444.5
4.0	80.6	570.0
4.25	99.8	748.0
4.5	123.6	1319.0
4.75	153.0	1319.0
5.0	189.4	2258.0
5.5	290.0	3510.0
6.0	444.0	5160.0
6.5	680.0	7680.0
7.0	1042.0	11750.0
7.5	1598.0	18110.0
8.0	2440.0	28000.0
8.5	3520.0	42200.0
9.0	5020.0	62400.0
9.5	7100.0	62400.0
10.0	9960.0	131300.0
11.0	19240.0	272000.0
12.0	36400.0	554000.0
13.0	67600.0	1071000.0
14.0	123000.0	2008000.0
15.0	220000.0	3690000.0
16.0	390000.0	6570000.0
17.0	676000.0	11300000.0
18.0	1162000.0	18970000.0
19.0	1970000.0	30600000.0
20.0	3060000.0	30600000.0
22.5	7540000.0	94800000.0
25.0	17190000.0	294000000.0
30.0	85200000.0	4200000000.0
40.0	2450000000.0	484000000000.0
50.0	55600000000.0	32400000000000.0
60.0	1039000000000.0	1474000000000000.0
70.0	18210000000000.0	4.98e+16
80.0	306000000000000.0	1.328e+18
90.0	4870000000000000.0	2.92e+19
100.0	6.64e+16	5.46e+20
110.0	7.6e+17	8.88e+21
120.0	7.86e+18	1.28e+23
130.0	7.3e+19	1.662e+24
140.0	5.92e+20	1.962e+25
150.0	4.5e+21	2.1399999999999998e+26
160.0	3.2e+22	2.14e+27
170.0	2.14e+23	2.02e+28
180.0	1.346e+24	1.772e+29
190.0	8.06e+24	1.474e+30
200.0	4.5199999999999995e+25	1.1619999999999999e+31
