0.25	1.01	3.43
0.5	1.884	4.11
0.75	2.4	5.34
1.0	3.02	7.32
1.25	3.82	6.42
1.5	1.9999999999999998e-30	7.08
1.75	1.9999999999999998e-30	8.2
2.0	1.9999999999999998e-30	9.72
2.25	1.9999999999999998e-30	21.50532
2.5	1.9999999999999998e-30	34.238800000000005
2.75	4.88	30.1873
3.0	5.82	20.4
3.25	6.4	24.6
3.5	5.6	29.8
3.75	12.0	41.464
4.0	16.8	84.22
4.25	25.8	107.43
4.5	43.1	121.6
4.75	52.7	126.2
5.0	63.6	126.2
5.5	83.9	210.4
6.0	95.781	333.4
6.5	113.8	550.0
7.0	193.4	682.0
7.5	326.0	942.0
8.0	450.0	1433.0
8.5	624.0	2024.0
9.0	866.0	2893.0
9.5	1198.0	3950.0
10.0	1662.0	7410.0
11.0	3200.0	13950.0
12.0	6120.0	25360.0
13.0	11780.0	44300.0
14.0	22600.0	74600.0
15.0	43000.0	146500.0
16.0	74400.0	276000.0
17.0	127000.0	479000.0
18.0	214000.0	851000.0
19.0	360000.0	1526000.0
20.0	594000.0	2570000.0
22.5	1713000.0	4980000.0
25.0	4250000.0	21000000.0
30.0	20100000.0	314000000.0
40.0	266000000.0	39200000000.0
50.0	7320000000.0	2740000000000.0
60.0	116400000000.0	126400000000000.0
70.0	2090000000000.0	4260000000000000.0
80.0	37400000000000.0	1.122e+17
90.0	544000000000000.0	2.42e+18
100.0	6220000000000000.0	4.38e+19
110.0	6.12e+16	6.92e+20
120.0	5.48e+17	9.64e+21
130.0	4.38e+18	1.206e+23
140.0	3.22e+19	1.372e+24
150.0	2.22e+20	1.434e+25
160.0	1.436e+21	1.3879999999999998e+26
170.0	8.72e+21	1.254e+27
180.0	5.02e+22	1.062e+28
190.0	2.74e+23	8.5e+28
200.0	1.39e+24	6.44e+29
