2.0129	14.816	14.237	14.39	12.55	121.735	60.61
2.0624	15.456	15.157	15.302	12.55	126.54	62.297
2.0813	15.706	15.521	15.664	12.55	128.59	63.28
2.0921	15.852	15.733	15.874	12.55	128.59	63.28
2.2078	17.496	18.087	18.13	18.776	140.096	66.038
2.3365	19.526	20.751	20.363	20.698	156.812	65.511
2.371	20.109	21.524	21.016	20.698	156.812	65.316
2.4047	20.694	22.303	21.675	22.387	161.782	65.126
2.4304	21.153	22.917	22.195	22.387	169.166	66.507
2.4972	22.394	24.584	23.613	24.249	175.18	71.815
2.5035	22.515	24.747	23.752	24.249	176.61	72.284
2.5051	22.545	24.788	23.787	24.249	176.61	72.284
2.5111	22.66	24.943	23.92	24.249	177.475	72.732
2.5358	23.144	25.598	24.479	24.839	179.055	72.732
2.5473	23.371	25.906	24.742	24.839	179.055	75.109
2.6179	24.824	27.883	26.439	26.731	188.809	80.919
2.6307	25.094	28.253	26.757	27.066	190.451	82.237
2.6729	26.015	29.516	27.847	27.466	194.201	88.112
2.6768	26.102	29.636	27.95	27.466	194.201	88.112
2.6784	26.138	29.684	27.992	27.466	196.017	88.112
2.6823	26.224	29.802	28.094	27.466	196.309	88.112
2.6967	26.547	30.248	28.479	28.395	197.151	91.723
2.7165	27.0	30.872	29.019	28.395	199.071	91.723
2.7641	28.119	32.42	30.363	30.13	205.66	108.076
2.7764	28.415	32.83	30.72	30.13	207.11	111.416
2.7802	28.509	32.961	30.834	30.748	207.11	112.836
2.8081	29.195	33.914	31.665	31.144	209.758	117.365
2.81	29.242	33.98	31.722	31.144	209.758	117.365
2.8189	29.464	34.289	31.992	31.616	211.272	117.365
2.8324	29.805	34.765	32.408	31.616	211.272	126.613
2.8368	29.917	34.921	32.544	31.616	211.272	126.613
2.847	30.18	35.287	32.865	32.566	215.174	126.613
2.8579	30.462	35.681	33.21	32.566	215.174	134.251
2.8655	30.659	35.957	33.452	32.566	215.174	134.251
2.8889	31.278	36.824	34.212	33.672	220.167	143.321
2.9111	31.875	37.662	34.949	34.145	221.707	147.861
2.9573	33.157	39.464	36.538	35.94	228.835	158.668
2.9775	33.732	40.276	37.255	36.241	232.287	164.806
3.0327	35.359	42.578	39.296	37.527	238.769	184.918
3.0426	35.659	43.003	39.674	38.713	243.08	184.918
3.0952	37.297	45.33	41.749	39.901	251.217	207.804
3.1014	37.493	45.61	41.999	39.901	252.789	209.598
3.1281	38.357	46.842	43.102	41.294	257.536	214.087
3.183	40.196	49.47	45.464	43.765	267.044	235.721
3.208	41.062	50.712	46.584	44.952	269.278	242.481
3.21	41.132	50.813	46.674	44.952	269.278	242.481
3.2178	41.407	51.207	47.03	44.952	275.096	242.481
3.2255	41.68	51.598	47.384	45.624	275.096	242.481
3.248	42.487	52.759	48.435	45.624	282.691	251.374
3.2637	43.06	53.583	49.182	47.33	287.61	257.174
3.28	43.663	54.451	49.971	47.33	287.61	257.174
3.291	44.075	55.044	50.51	47.33	287.61	268.421
3.2926	44.135	55.13	50.589	47.33	287.61	268.421
3.2948	44.219	55.252	50.699	47.33	287.61	268.421
3.2977	44.327	55.407	50.841	47.33	287.61	268.421
3.3075	44.699	55.944	51.331	49.062	297.07	268.421
3.3097	44.783	56.066	51.441	49.062	297.07	268.421
3.37	47.147	59.482	54.565	51.8	316.268	297.61
3.389	47.917	60.597	55.589	52.551	321.186	303.645
3.4064	48.634	61.636	56.545	53.718	326.099	303.645
3.4181	49.121	62.343	57.197	54.317	326.099	309.897
3.426	49.454	62.825	57.641	54.317	332.088	309.897
3.4299	49.618	63.064	57.862	54.317	332.088	309.897
3.4601	50.913	64.946	59.601	55.866	343.651	314.459
3.4612	50.96	65.013	59.663	55.866	343.651	314.459
3.4651	51.131	65.262	59.894	55.866	343.651	314.459
3.4761	51.613	65.963	60.543	55.866	343.651	318.682
3.5	52.676	67.51	61.98	57.897	354.844	321.066
3.5376	54.392	70.013	64.312	60.48	361.254	325.434
3.5401	54.509	70.182	64.47	60.48	361.254	325.434
3.5533	55.123	71.079	65.309	61.417	373.177	325.434
3.5654	55.698	71.918	66.093	62.288	373.177	330.256
3.5701	55.921	72.245	66.399	62.428	373.177	331.135
3.575	56.156	72.587	66.72	62.85	385.197	331.135
3.5811	56.449	73.015	67.121	62.85	386.6	332.426
3.5833	56.555	73.17	67.267	62.85	389.075	332.426
3.607	57.709	74.858	68.853	63.846	392.729	334.63
3.6492	59.825	77.954	71.773	66.836	413.05	342.012
3.6579	60.27	78.607	72.391	67.309	413.05	342.012
3.6809	61.464	80.358	74.049	68.897	428.443	344.689
3.683	61.574	80.519	74.202	69.239	428.443	344.689
3.708	62.902	82.466	76.053	70.314	437.101	350.443
3.7191	63.5	83.345	76.89	70.314	443.98	351.903
3.73	64.093	84.216	77.721	70.314	448.105	353.326
3.7401	64.648	85.03	78.498	72.424	450.305	354.485
3.7746	66.578	87.868	81.215	75.154	468.734	357.828
3.779	66.829	88.236	81.569	75.154	468.734	357.828
3.7867	67.269	88.884	82.191	76.004	468.734	361.381
3.81	68.619	90.871	84.103	76.932	483.905	363.874
3.84	70.398	93.49	86.631	79.707	498.702	367.178
3.8671	72.044	95.916	88.981	81.316	512.783	373.137
3.881	72.903	97.182	90.211	81.316	518.368	376.578
3.8857	73.195	97.612	90.629	82.745	518.368	376.578
3.8886	73.377	97.882	90.891	83.195	518.368	376.578
3.892	73.591	98.196	91.197	83.195	518.368	376.578
3.8951	73.785	98.483	91.476	83.195	518.368	376.578
3.9021	74.227	99.135	92.111	83.195	529.93	376.578
3.92	75.369	100.82	93.755	84.359	529.93	382.131
3.9601	77.992	104.691	97.547	88.636	548.327	387.394
3.97	78.653	105.668	98.507	88.636	566.893	390.606
3.9792	79.273	106.583	99.407	90.281	578.519	390.606
4.0171	81.877	110.431	103.205	93.328	597.945	398.618
4.0392	83.435	112.734	105.487	93.328	608.135	401.591
4.0551	84.575	114.418	107.16	95.787	619.348	401.591
4.1105	88.667	120.472	113.202	100.912	660.499	416.151
4.117	89.16	121.201	113.933	100.912	660.499	416.151
4.1257	89.824	122.184	114.919	100.912	676.026	416.151
4.1296	90.121	122.623	115.36	100.912	676.026	416.151
4.1331	90.393	123.025	115.764	103.665	676.026	416.151
4.1451	91.323	124.401	117.148	103.665	676.026	422.316
4.148	91.549	124.736	117.485	103.665	676.026	422.316
4.1556	92.141	125.613	118.368	105.447	700.916	422.316
4.182	94.243	128.723	121.51	105.447	700.916	422.316
4.189	94.807	129.559	122.356	108.874	700.916	430.753
4.2221	97.522	133.578	126.436	111.911	735.849	436.588
4.26	100.726	138.321	131.277	115.68	779.848	441.049
4.2869	103.064	141.783	134.825	117.405	804.621	446.694
4.2891	103.258	142.07	135.119	117.405	804.621	451.505
4.294	103.69	142.71	135.778	119.128	804.621	451.505
4.3548	109.205	150.874	144.21	125.032	857.024	464.587
4.3581	109.517	151.337	144.69	125.032	857.024	464.587
4.3621	109.892	151.891	145.266	125.032	857.024	464.587
4.371	110.729	153.131	146.554	125.032	886.192	464.587
4.381	111.678	154.535	148.015	128.611	886.192	469.883
4.4031	113.803	157.68	151.297	130.654	911.239	469.883
4.416	115.062	159.544	153.245	130.654	911.239	479.983
4.4211	115.564	160.286	154.024	130.654	911.239	479.983
4.4329	116.733	162.016	155.838	134.443	943.804	479.983
4.4572	119.177	165.633	159.643	134.443	977.922	500.5
4.4708	120.566	167.687	161.808	138.681	977.922	516.984
4.4977	123.361	171.822	166.182	142.534	1005.578	530.776
4.4988	123.482	172.001	166.372	142.534	1005.578	530.776
4.5012	123.735	172.375	166.77	142.534	1028.623	541.562
4.5072	124.37	173.314	167.766	142.534	1028.623	541.562
4.5115	124.827	173.989	168.483	142.534	1028.623	548.998
4.5171	125.425	174.873	169.422	144.689	1046.588	554.454
4.5311	126.931	177.101	171.795	145.81	1058.942	563.815
4.533	127.137	177.405	172.121	146.871	1067.994	563.815
4.5767	131.966	184.541	179.069	151.605	1108.872	590.72
4.581	132.451	185.257	179.764	151.605	1127.846	590.72
4.5931	133.825	187.287	181.733	154.257	1127.846	608.119
4.598	134.385	188.114	182.536	154.257	1127.846	608.119
4.637	138.931	194.826	189.048	160.717	1188.251	627.639
4.6441	139.775	196.071	190.256	160.717	1188.251	627.639
4.6472	140.145	196.617	190.786	160.717	1188.251	627.639
4.666	142.41	199.96	194.029	163.891	1188.251	627.639
4.6918	145.579	204.633	198.565	168.48	1188.251	690.644
4.735	151.043	212.686	206.381	172.9	1290.215	690.644
4.7531	153.393	216.147	209.741	177.041	1290.215	690.644
4.772	155.886	219.817	213.304	178.678	1410.157	780.988
4.7892	158.19	223.207	216.596	182.06	1434.201	798.744
4.7961	159.124	224.581	217.93	182.06	1445.326	798.744
4.8059	160.46	226.545	219.838	182.06	1462.219	811.133
4.8102	161.049	227.412	220.68	182.06	1462.219	811.133
4.8392	165.083	233.341	226.437	187.418	1481.718	840.51
4.8697	169.434	239.731	232.645	195.325	1527.788	840.51
4.8766	170.441	241.21	234.081	195.325	1527.788	840.51
4.89	172.393	244.074	236.864	198.312	1527.788	905.853
4.919	176.71	250.406	243.016	202.942	1629.466	905.853
4.9559	182.361	258.684	251.061	205.803	1715.046	971.877
5.0076	190.591	270.725	262.764	216.167	1818.502	1010.523
5.0162	191.986	272.763	264.746	220.025	1818.502	1010.523
5.0532	198.141	281.753	273.486	226.165	1851.055	1010.523
5.0732	201.551	286.726	278.323	226.165	1851.055	1010.523
5.1012	206.422	293.826	285.229	234.695	1851.055	1010.523
5.1402	213.404	303.99	295.116	245.303	1851.055	1010.523
5.1622	217.447	309.867	300.834	245.303	1851.055	1010.523
5.191	222.855	317.72	308.476	251.213	1851.055	1010.523
5.2262	229.647	327.572	318.065	263.534	1851.055	1010.523
5.253	234.957	335.262	325.551	263.534	1851.055	1010.523
5.2742	239.245	341.466	331.59	270.26	1851.055	1010.523
5.292	242.905	346.756	336.742	275.992	1851.055	1010.523
5.304	245.404	350.366	340.258	275.992	1851.055	1010.523
5.3122	247.126	352.852	342.68	275.992	1851.055	1010.523
5.3186	248.489	354.82	344.596	283.386	1851.055	1010.523
5.337	252.409	360.475	350.103	283.386	1851.055	1010.523
5.3585	257.081	367.206	356.661	290.739	1851.055	1010.523
5.3662	258.775	369.646	359.037	290.739	1851.055	1010.523
5.4015	266.685	381.024	370.123	301.378	1851.055	1010.523
5.413	269.314	384.801	373.804	307.668	1851.055	1010.523
5.5432	300.947	430.074	417.941	333.935	1851.055	1010.523
5.566	306.857	438.497	426.157	333.935	1851.055	1010.523
5.5723	308.51	440.851	428.454	333.935	1851.055	1010.523
5.5793	310.358	443.481	431.019	333.935	1851.055	1010.523
5.5923	313.819	448.404	435.822	354.067	1851.055	1010.523
5.6021	316.453	452.149	439.476	354.067	1851.055	1010.523
5.645	328.247	468.889	455.812	354.067	1851.055	1010.523
5.713	347.849	496.617	482.88	390.682	1851.055	1010.523
5.7353	354.529	506.039	492.081	399.098	1851.055	1010.523
5.7687	364.762	520.447	506.152	399.098	1851.055	1010.523
5.7973	373.782	533.122	518.533	417.257	1851.055	1010.523
5.8043	376.02	536.263	521.603	417.257	1851.055	1010.523
