0.25	1.916	0.728	0.728	1.9999999999999998e-30		1.24
0.5	2.48	0.728	1.064	1.9999999999999998e-30		1.72
0.75	3.22	0.962	1.542	1.9999999999999998e-30	1.9999999999999998e-30	1.76
1.0	4.18	1.612	2.22	0.45	1.9999999999999998e-30	2.24
1.25	5.44	2.52	3.18	1.242	1.9999999999999998e-30	3.29
1.5	7.06	3.82	4.5	1.922	1.53	4.96
1.75	9.16	5.72	6.36	2.98	3.66	7.731
2.0	11.88	8.42	8.94	5.18	4.16	13.14
2.25	15.42	12.22	12.48	8.92	4.01	19.3
2.5	20.0	17.26	17.06	13.1	5.13	25.84
2.75	26.0	23.8	23.0	18.98	8.87	32.61
3.0	33.6	32.6	30.6	32.2	12.8	45.1
3.25	43.8	44.0	41.0	52.6	19.58	73.8
3.5	56.8	59.0	54.6	65.8	28.11	111.7
3.75	73.6	78.6	72.6	83.4	41.14	141.0
4.0	95.6	103.8	96.2	106.0	59.3	187.8
4.25	124.0	136.0	127.4	134.4	79.8	237.0
4.5	160.8	177.2	168.2	169.6	107.19999999999999	290.0
4.75	208.0	230.0	222.0	214.0	131.3	368.0
5.0	270.0	296.0	292.0	268.0	163.3	368.0
5.5	456.0	482.0	502.0	520.0	243.3	577.0
6.0	768.0	774.0	858.0	794.0	567.0	839.0
6.5	1294.0	1222.0	1366.0	1196.0	971.0	1294.0
7.0	2180.0	1900.0	2100.0	1784.0	1608.0	1964.0
7.5	3600.0	2920.0	3200.0	2620.0	2560.0	2880.0
8.0	5860.0	4420.0	4820.0	3840.0	4020.0	4150.0
8.5	9400.0	6620.0	7200.0	5560.0	6350.0	5890.0
9.0	14880.0	9820.0	10620.0	7980.0	10090.0	8300.0
9.5	23200.0	14420.0	15520.0	11420.0	15880.0	11950.0
10.0	36000.0	21000.0	22600.0	16180.0	24500.0	17200.0
11.0	83400.0	44200.0	46200.0	32000.0	37500.0	34300.0
12.0	186800.0	90000.0	92400.0	61600.0	84500.0	68000.0
13.0	404000.0	178600.0	180200.0	116400.0	184700.0	126100.0
14.0	852000.0	346000.0	344000.0	216000.0	388000.0	225000.0
15.0	1750000.0	660000.0	642000.0	396000.0	787000.0	390000.0
16.0	3520000.0	1230000.0	1182000.0	710000.0	1539000.0	680000.0
17.0	6900000.0	2260000.0	2140000.0	1256000.0	2920000.0	1076000.0
18.0	13320000.0	4080000.0	3800000.0	2180000.0	5330000.0	1622000.0
19.0	25200000.0	7240000.0	6680000.0	3760000.0	9420000.0	2430000.0
20.0	47200000.0	12720000.0	11560000.0	6400000.0	16190000.0	3790000.0
22.5	210000000.0	49200000.0	43600000.0	22800000.0	84700000.0	9430000.0
25.0	872000000.0	178400000.0	153600000.0	77000000.0	235000000.0	23500000.0
30.0	12360000000.0	1984000000.0	1638000000.0	752000000.0	1336000000.0	120900000.0
40.0	1412000000000.0	149800000000.0	115400000000.0	45600000000.0	30500000000.0	2910000000.0
50.0	94600000000000.0	7040000000000.0	5140000000000.0	1816000000000.0	641000000000.0	64300000000.0
60.0	4320000000000000.0	236000000000000.0	164200000000000.0	53200000000000.0	18990000000000.0	1367000000000.0
70.0	1.48e+17	6060000000000000.0	4060000000000000.0	1236000000000000.0	366000000000000.0	26200000000000.0
80.0	4e+18	1.262e+17	8.14e+16	2.38e+16	5830000000000000.0	523000000000000.0
90.0	8.96e+19	2.22e+18	1.38e+18	3.9e+17	8.01e+16	7930000000000000.0
100.0	1.708e+21	3.36e+19	2.02e+19	5.58e+18	9.72e+17	1.057e+17
110.0	2.84e+22	4.48e+20	2.62e+20	7.1e+19	1.064e+19	1.379e+18
120.0	4.18e+23	5.36e+21	3.06e+21	8.12e+20	1.058e+20	1.522e+19
130.0	5.52e+24	5.84e+22	3.24e+22	8.46e+21	9.7e+20	1.51e+20
140.0	6.6599999999999994e+25	5.82e+23	3.14e+23	8.1e+22	8.26e+21	1.266e+21
150.0	7.4e+26	5.38e+24	2.84e+24	7.18e+23	6.58e+22	9.9e+21
160.0	7.6e+27	4.64e+25	2.38e+25		4.94e+23	7.24e+22
170.0	7.28e+28	3.76e+26	1.8839999999999997e+26		3.52e+24	5.02e+23
180.0	6.56e+29	2.86e+27	1.406e+27		2.4e+25	3.26e+24
190.0	5.56e+30	2.08e+28	9.96e+27		1.5379999999999998e+26	2.0199999999999998e+25
200.0	4.48e+31	1.4300000000000002e+29	6.720000000000001e+28		8.04e+26	1.164e+26
