0.25	3.14	1.514	1.396	1.04		
0.5	3.78	2.08	1.91	1.77		
0.75	4.56	2.8	2.6	2.76		1.9999999999999998e-30
1.0	5.5	3.78	3.52	3.88		1.9999999999999998e-30
1.25	6.62	5.04	4.76	5.18	1.9999999999999998e-30	0.326
1.5	7.98	6.7	6.4	6.86	1.9999999999999998e-30	0.458
1.75	9.62	8.86	8.58	8.92	1.9999999999999998e-30	1.58
2.0	11.6	11.56	11.46	11.48	1.9999999999999998e-30	3.97
2.25	13.98	14.64	15.26	14.66	5.1	6.4
2.5	16.84	18.48	20.2	18.54	5.54	8.81
2.75	20.4	23.2	27.0	23.2	6.46	12.3
3.0	24.4	29.2	24.8	29.0	12.4	18.3
3.25	29.4	36.4	30.8	36.0	15.8	28.4
3.5	35.6	45.2	38.4	44.6	27.0	43.8
3.75	42.8	56.2	47.4	55.0	41.6	50.827999999999996
4.0	51.6	69.6	58.8	67.2	53.9	62.49
4.25	62.2	86.0	72.4	82.2	64.4	84.10000000000001
4.5	75.0	106.0	89.4	99.8	72.4	112.5
4.75	90.4	130.2	109.8	121.4	78.9	162.7
5.0	108.8	159.6	134.8	147.2	85.69	207.4
5.5	158.2	238.0	202.0	214.0	152.5	250.0
6.0	230.0	352.0	300.0	308.0	294.9	341.0
6.5	334.0	518.0	444.0	440.0	517.5	624.0
7.0	484.0	754.0	652.0	622.0	903.0	835.0
7.5	704.0	1090.0	952.0	878.0	1485.0	896.0
8.0	1022.0	1568.0	1382.0	1226.0	2124.0	1397.0
8.5	1484.0	2240.0	1990.0	1710.0	2850.0	2072.0
9.0	2160.0	3180.0	2860.0	2380.0	4270.0	2780.0
9.5	3140.0	4500.0	4060.0	3280.0	7010.0	3350.0
10.0	4540.0	6320.0	5760.0	4500.0	11090.0	5140.0
11.0	9600.0	12280.0	11400.0	8400.0	25100.0	7630.0
12.0	20200.0	23600.0	22000.0	15460.0	48900.0	13070.0
13.0	42600.0	44800.0	42000.0	28000.0	101700.0	25500.0
14.0	87800.0	83800.0	78800.0	49800.0	209100.0	46500.0
15.0	177400.0	154400.0	145000.0	87800.0	396000.0	88000.0
16.0	352000.0	280000.0	264000.0	152400.0	731000.0	164300.0
17.0	686000.0	502000.0	470000.0	262000.0	1360000.0	268000.0
18.0	1318000.0	888000.0	832000.0	444000.0	2420000.0	385000.0
19.0	2500000.0	1554000.0	1450000.0	746000.0	4170000.0	546000.0
20.0	4640000.0	2680000.0	2500000.0	1240000.0	7090000.0	797000.0
22.5	20800000.0	10080000.0	9260000.0	4240000.0	37800000.0	2720000.0
25.0	86600000.0	35600000.0	32400000.0	13700000.0	109400000.0	5990000.0
30.0	1252000000.0	384000000.0	338000000.0	125600000.0	686000000.0	24900000.0
40.0	147800000000.0	27800000000.0	22600000000.0	6960000000.0	15440000000.0	483000000.0
50.0	10040000000000.0	1254000000000.0	948000000000.0	256000000000.0	283000000000.0	8760000000.0
60.0	458000000000000.0	40200000000000.0	28400000000000.0	7080000000000.0	6340000000000.0	183300000000.0
70.0	1.538e+16	984000000000000.0	654000000000000.0	155200000000000.0	112000000000000.0	4010000000000.0
80.0	4.06e+17	1.954e+16	1.226e+16	2820000000000000.0	1680000000000000.0	72500000000000.0
90.0	8.8e+18	3.26e+17	1.944e+17	4.4e+16	2.2e+16	1051000000000000.0
100.0	1.62e+20	4.7e+18	2.66e+18	6e+17	2.56e+17	1.34e+16
110.0	2.6e+21	5.96e+19	3.24e+19	7.28e+18	2.68e+18	1.435e+17
120.0	3.66e+22	6.8e+20	3.54e+20	7.98e+19	2.56e+19	1.635e+18
130.0	4.66e+23	7.02e+21	3.52e+21	7.96e+20	2.28e+20	1.596e+19
140.0	5.4e+24	6.68e+22	3.22e+22	7.32e+21	1.882e+21	1.298e+20
150.0	5.76e+25	5.88e+23	2.74e+23	6.24e+22	1.458e+22	9.76e+20
160.0	5.68e+26	4.84e+24	2.18e+24		1.064e+23	6.86e+21
170.0	5.220000000000001e+27	3.7399999999999995e+25	1.626e+25		7.36e+23	4.52e+22
180.0	4.500000000000001e+28	2.72e+26	1.148e+26		4.86e+24	2.82e+23
190.0	3.68e+29	1.88e+27	7.7e+26		3.0599999999999997e+25	1.668e+24
200.0	2.84e+30	1.238e+28	4.9200000000000006e+27		1.5759999999999998e+26	9.16e+24
