1.6605	4.406	9.004
1.7326	4.406	9.502
1.9042	4.406	10.801
1.9327	4.406	11.033
1.9425	4.406	11.114
2.0889	4.406	12.688
2.2034	4.406	14.47
2.2951	5.494	16.069
2.3365	5.494	16.845
2.3582	5.494	17.267
2.399	5.494	18.089
2.4725	5.494	19.663
2.5838	5.494	22.306
2.5982	5.494	22.673
2.6117	5.494	23.023
2.6272	5.494	23.428
2.6841	5.494	24.985
2.7207	5.494	26.038
2.7283	5.494	26.263
2.7926	6.202	24.145
2.8405	6.202	25.215
2.8571	7.312	25.597
2.9242	7.312	27.194
2.9327	7.312	27.403
3.0016	10.363	29.152
3.0157	10.363	29.523
3.0193	10.363	29.617
3.037	10.363	30.09
3.042	10.363	30.225
3.0655	13.024	30.868
3.0921	13.024	31.608
3.1986	14.775	34.747
3.249	14.775	36.333
3.2598	14.775	36.68
3.2771	14.775	37.246
3.3231	15.745	38.787
3.357	17.32	39.961
3.3727	17.32	40.516
3.406	18.688	41.717
3.437	20.15	42.865
3.4544	20.15	43.522
3.5212	23.123	46.134
3.547	23.123	47.182
3.578	28.884	48.47
3.597	28.884	49.276
3.618	28.884	50.181
3.646	32.907	51.413
3.6537	32.907	51.756
3.686	33.69	53.221
3.706	35.727	54.148
3.73	35.727	55.28
3.7395	38.544	55.734
3.7795	39.951	57.685
3.7901	39.951	58.212
3.802	42.35	58.81
3.844	42.35	60.966
3.8531	45.4	61.443
3.863	45.4	61.965
3.9428	48.654	66.334
3.947	48.654	66.572
3.9803	50.403	68.486
4.0518	53.655	72.771
4.06	53.984	73.278
4.082	54.878	74.655
4.1328	56.998	77.93
4.2863	63.295	88.663
4.3321	65.242	92.126
4.357	66.418	94.062
4.3806	67.57	95.932
4.4672	69.981	103.098
4.47	69.981	103.338
4.484	70.714	104.545
4.5897	73.457	114.544
4.603	74.157	115.359
4.8187	79.122	152.672
4.859	80.793	152.672
4.991	84.104	195.165
5.072	86.098	203.594
5.1192	91.069	213.533
5.1363	91.069	213.533
5.278	110.553	229.784
5.431	133.835	240.156
5.4623	141.563	240.156
5.7013	170.84	279.123
5.732	170.84	285.93
5.8552	196.468	314.859
6.0543	239.178	367.546
6.084	244.539	376.087
6.3506	298.378	482.966
6.3615	300.815	482.966
6.3723	303.25	482.966
6.3782	304.589	482.966
6.3929	307.949	482.966
6.441	319.206	494.633
6.4461	320.423	496.559
6.457	323.04	500.699
6.627	366.744	672.852
6.645	371.704	672.852
6.701	387.57	672.852
6.8232	424.582	724.904
7.3882	647.302	1123.541
7.401	653.516	1287.333
7.9352	947.532	1799.566
8.446	1391.598	2681.948
8.45	1391.598	2681.948
8.453	1391.598	2681.948
8.457	1391.598	2681.948
8.463	1391.598	2681.948
8.465	1391.598	2681.948
8.472	1391.598	2681.948
8.475	1391.598	2681.948
8.477	1391.598	2681.948
8.48	1391.598	2681.948
8.484	1391.598	2681.948
8.561	1553.362	2681.948
9.4062	2351.479	5139.704
