2.2785	12.736	16.299
2.3291	12.736	18.525
2.4066	12.736	20.616
2.5257	12.736	23.489
2.533	12.736	23.489
2.5636	12.736	24.762
2.5934	12.736	24.762
2.62	12.736	24.762
2.6435	12.736	27.138
2.6497	12.736	27.138
2.6549	12.736	27.138
2.669	12.736	27.138
2.7528	12.736	29.903
2.839	12.736	32.472
2.8628	12.736	33.126
2.8669	12.736	33.126
2.8745	12.736	33.126
2.8945	12.736	34.327
2.9025	12.736	34.327
2.9476	14.198	36.676
2.977	14.198	38.165
2.99	14.198	42.975
2.9969	14.198	42.975
3.036	16.005	47.345
3.079	16.005	49.417
3.0828	16.005	49.417
3.086	16.005	49.417
3.116	18.547	51.015
3.1202	18.547	51.015
3.127	18.547	51.947
3.132	18.547	52.39
3.143	18.547	52.39
3.157	18.547	53.43
3.1665	18.547	53.43
3.173	20.273	53.43
3.2403	21.725	60.303
3.2611	22.604	61.954
3.274	23.415	64.829
3.278	23.415	64.829
3.3261	24.526	69.395
3.3379	24.526	73.009
3.347	24.526	75.495
3.3553	26.479	75.495
3.399	26.479	82.935
3.402	26.479	82.935
3.407	26.479	86.13
3.427	26.479	89.065
3.449	30.246	90.923
3.457	30.246	93.26
3.482	30.246	95.863
3.504	33.691	97.465
3.513	34.001	100.116
3.541	35.564	104.192
3.563	37.2	107.32
3.576	37.2	109.257
3.595	37.2	111.153
3.606	39.624	114.018
3.6319	41.771	117.442
3.646	41.771	119.973
3.656	43.43	122.391
3.685	43.43	125.743
3.714	46.557	128.262
3.728	48.73	130.277
3.74	50.117	131.622
3.753	50.117	132.746
3.777	53.307	135.31
3.796	53.937	137.192
3.808	54.946	138.07
3.825	54.946	139.199
3.851	56.883	142.039
3.881	56.883	145.76
3.895	59.285	146.38
3.901	59.285	146.38
3.904	59.285	146.38
3.925	60.71	148.364
3.958	62.213	157.69
3.964	62.213	157.69
3.976	63.987	160.059
3.987	64.618	160.059
4.006	65.148	165.577
4.014	65.148	165.577
4.031	66.758	173.388
4.044	69.211	177.311
4.049	69.211	177.311
4.056	70.561	177.311
4.087	72.89	185.048
4.0955	74.6	188.721
4.119	76.527	195.36
4.126	76.527	195.36
4.141	79.359	199.78
4.176	83.641	207.65
4.184	83.641	211.611
4.201	86.937	214.322
4.217	89.322	217.62
4.227	91.559	217.62
4.237	91.559	219.289
4.244	93.707	221.614
4.266	96.418	224.78
4.271	96.418	224.78
4.29	100.14	228.24
4.304	100.14	228.24
4.32	101.498	232.175
4.331	101.498	234.722
4.357	103.552	240.249
4.366	105.101	242.003
4.376	106.049	243.415
4.389	106.969	246.354
4.397	106.969	246.354
4.418	108.345	251.606
4.436	109.966	251.606
4.46	112.269	256.892
4.483	113.948	262.243
4.49	113.948	262.243
4.513	116.174	272.02
4.524	116.174	272.02
4.533	117.973	276.404
4.54	119.614	276.404
4.566	120.989	284.905
4.598	124.141	289.131
4.616	127.557	294.038
4.647	130.818	302.572
4.668	134.098	306.029
4.682	136.027	311.267
4.706	137.985	317.771
4.724	140.505	324.902
4.736	143.173	324.902
4.759	145.372	334.884
4.776	149.052	341.709
4.795	149.052	341.709
4.808	152.116	341.709
4.822	154.717	358.3
4.848	158.296	358.3
4.863	159.927	358.3
4.892	162.277	382.774
4.923	167.477	398.534
4.932	167.477	403.185
5.017	179.866	431.376
5.063	184.34	460.609
5.077	186.434	468.339
5.083	186.434	468.339
5.1	188.717	474.522
5.217	200.555	524.008
5.23	203.953	534.323
5.236	203.953	534.323
5.244	203.953	541.683
5.262	206.929	548.769
5.296	216.161	553.103
5.305	216.161	553.103
5.31	216.161	553.103
5.32	221.11	553.103
5.335	226.611	571.564
5.384	237.412	571.564
5.392	242.848	571.564
5.424	255.082	602.886
5.43	255.082	602.886
5.447	260.416	622.157
5.526	287.316	653.341
5.603	301.518	687.027
5.618	314.314	687.027
5.632	314.314	687.027
5.732	348.576	687.027
5.779	348.576	784.907
6.07	526.138	925.571
6.486	744.06	1348.471
6.556	744.06	1434.042
7.505	1640.945	3614.964
7.9393	2637.848	5524.996
8.4843	4495.528	9262.209
8.535	4495.528	9710.17
9.483	8040.242	22930.141
10.513	16013.837	55698.37
10.575	16013.837	58673.874
10.9	26733.215	76892.824
