2.0129	12.55	121.735
2.0624	12.55	126.54
2.0813	12.55	128.59
2.0921	12.55	128.59
2.2078	17.496	140.096
2.3365	19.526	156.812
2.371	20.109	156.812
2.4047	20.694	161.782
2.4304	21.153	169.166
2.4972	22.394	175.18
2.5035	22.515	176.61
2.5051	22.545	176.61
2.5111	22.66	177.475
2.5358	23.144	179.055
2.5473	23.371	179.055
2.6179	24.824	188.809
2.6307	25.094	190.451
2.6729	26.015	194.201
2.6768	26.102	194.201
2.6784	26.138	196.017
2.6823	26.224	196.309
2.6967	26.547	197.151
2.7165	27.0	199.071
2.7641	28.119	205.66
2.7764	28.415	207.11
2.7802	28.509	207.11
2.8081	29.195	209.758
2.81	29.242	209.758
2.8189	29.464	211.272
2.8324	29.805	211.272
2.8368	29.917	211.272
2.847	30.18	215.174
2.8579	30.462	215.174
2.8655	30.659	215.174
2.8889	31.278	220.167
2.9111	31.875	221.707
2.9573	33.157	228.835
2.9775	33.732	232.287
3.0327	35.359	238.769
3.0426	35.659	243.08
3.0952	37.297	251.217
3.1014	37.493	252.789
3.1281	38.357	257.536
3.183	40.196	267.044
3.208	41.062	269.278
3.21	41.132	269.278
3.2178	41.407	275.096
3.2255	41.68	275.096
3.248	42.487	282.691
3.2637	43.06	287.61
3.28	43.663	287.61
3.291	44.075	287.61
3.2926	44.135	287.61
3.2948	44.219	287.61
3.2977	44.327	287.61
3.3075	44.699	297.07
3.3097	44.783	297.07
3.37	47.147	316.268
3.389	47.917	321.186
3.4064	48.634	326.099
3.4181	49.121	326.099
3.426	49.454	332.088
3.4299	49.618	332.088
3.4601	50.913	343.651
3.4612	50.96	343.651
3.4651	51.131	343.651
3.4761	51.613	343.651
3.5	52.676	354.844
3.5376	54.392	361.254
3.5401	54.509	361.254
3.5533	55.123	373.177
3.5654	55.698	373.177
3.5701	55.921	373.177
3.575	56.156	385.197
3.5811	56.449	386.6
3.5833	56.555	389.075
3.607	57.709	392.729
3.6492	59.825	413.05
3.6579	60.27	413.05
3.6809	61.464	428.443
3.683	61.574	428.443
3.708	62.902	437.101
3.7191	63.5	443.98
3.73	64.093	448.105
3.7401	64.648	450.305
3.7746	66.578	468.734
3.779	66.829	468.734
3.7867	67.269	468.734
3.81	68.619	483.905
3.84	70.398	498.702
3.8671	72.044	512.783
3.881	72.903	518.368
3.8857	73.195	518.368
3.8886	73.377	518.368
3.892	73.591	518.368
3.8951	73.785	518.368
3.9021	74.227	529.93
3.92	75.369	529.93
3.9601	77.992	548.327
3.97	78.653	566.893
3.9792	79.273	578.519
4.0171	81.877	597.945
4.0392	83.435	608.135
4.0551	84.575	619.348
4.1105	88.667	660.499
4.117	89.16	660.499
4.1257	89.824	676.026
4.1296	90.121	676.026
4.1331	90.393	676.026
4.1451	91.323	676.026
4.148	91.549	676.026
4.1556	92.141	700.916
4.182	94.243	700.916
4.189	94.807	700.916
4.2221	97.522	735.849
4.26	100.726	779.848
4.2869	103.064	804.621
4.2891	103.258	804.621
4.294	103.69	804.621
4.3548	109.205	857.024
4.3581	109.517	857.024
4.3621	109.892	857.024
4.371	110.729	886.192
4.381	111.678	886.192
4.4031	113.803	911.239
4.416	115.062	911.239
4.4211	115.564	911.239
4.4329	116.733	943.804
4.4572	119.177	977.922
4.4708	120.566	977.922
4.4977	123.361	1005.578
4.4988	123.482	1005.578
4.5012	123.735	1028.623
4.5072	124.37	1028.623
4.5115	124.827	1028.623
4.5171	125.425	1046.588
4.5311	126.931	1058.942
4.533	127.137	1067.994
4.5767	131.966	1108.872
4.581	132.451	1127.846
4.5931	133.825	1127.846
4.598	134.385	1127.846
4.637	138.931	1188.251
4.6441	139.775	1188.251
4.6472	140.145	1188.251
4.666	142.41	1188.251
4.6918	145.579	1188.251
4.735	151.043	1290.215
4.7531	153.393	1290.215
4.772	155.886	1410.157
4.7892	158.19	1434.201
4.7961	159.124	1445.326
4.8059	160.46	1462.219
4.8102	161.049	1462.219
4.8392	165.083	1481.718
4.8697	169.434	1527.788
4.8766	170.441	1527.788
4.89	172.393	1527.788
4.919	176.71	1629.466
4.9559	182.361	1715.046
5.0076	190.591	1818.502
5.0162	191.986	1818.502
5.0532	198.141	1851.055
5.0732	201.551	1851.055
5.1012	206.422	1851.055
5.1402	213.404	1851.055
5.1622	217.447	1851.055
5.191	222.855	1851.055
5.2262	229.647	1851.055
5.253	234.957	1851.055
5.2742	239.245	1851.055
5.292	242.905	1851.055
5.304	245.404	1851.055
5.3122	247.126	1851.055
5.3186	248.489	1851.055
5.337	252.409	1851.055
5.3585	257.081	1851.055
5.3662	258.775	1851.055
5.4015	266.685	1851.055
5.413	269.314	1851.055
5.5432	300.947	1851.055
5.566	306.857	1851.055
5.5723	308.51	1851.055
5.5793	310.358	1851.055
5.5923	313.819	1851.055
5.6021	316.453	1851.055
5.645	328.247	1851.055
5.713	347.849	1851.055
5.7353	354.529	1851.055
5.7687	364.762	1851.055
5.7973	373.782	1851.055
5.8043	376.02	1851.055
