0.4262	9.194	46.602
0.5483	9.194	56.517
0.6375	9.194	62.715
0.6448	9.194	63.643
0.675	11.207	63.643
0.6983	11.207	67.421
0.7277	11.207	70.888
0.7559	11.207	73.917
0.9153	16.011	88.07
0.9827	17.091	97.538
1.023	21.137	101.508
1.0516	21.137	105.643
1.0772	21.137	110.501
1.1417	23.902	120.233
1.1441	23.902	120.233
1.17	23.462	124.375
1.2215	23.185	128.882
1.2486	22.97	134.174
1.285	22.615	139.195
1.3463	22.247	150.455
1.3543	22.247	150.455
1.367	22.616	154.306
1.3705	22.616	154.306
1.3739	22.616	154.306
1.395	22.616	158.034
1.4033	23.129	158.034
1.4102	23.129	158.034
1.4161	23.129	158.034
1.4275	23.129	161.527
1.4296	23.129	161.527
1.433	23.552	161.527
1.4857	24.216	168.395
1.5049	24.216	168.395
1.5073	24.216	168.395
1.5112	24.216	168.395
1.5259	24.845	173.999
1.5681	25.396	176.388
1.5816	25.6	176.388
1.587	25.657	176.388
1.6776	26.241	195.075
1.6795	26.241	195.075
1.6806	26.241	195.075
1.6821	26.303	195.075
1.7105	26.496	200.562
1.7363	26.496	204.372
1.745	26.687	204.372
1.7595	26.752	204.372
1.775	26.752	209.872
1.8203	27.084	214.815
1.8276	27.084	217.689
1.843	27.797	217.689
1.9167	30.306	228.403
1.9205	30.306	228.403
1.9814	31.964	240.372
1.996	32.965	240.372
2.022	33.406	240.372
2.0675	35.198	252.81
2.107	36.815	252.81
2.139	38.119	252.81
2.1459	38.119	252.81
2.148	38.119	252.81
2.1547	39.7	252.81
2.1606	39.7	252.81
2.176	40.577	279.196
2.224	42.169	279.196
2.2394	42.169	298.41
2.2954	45.874	319.828
2.315	47.294	319.828
2.36	48.241	319.828
2.374	50.39	345.869
2.422	52.636	361.445
2.4441	55.285	361.445
2.486	58.236	381.507
2.506	60.882	381.507
2.5186	60.882	381.507
2.547	63.403	381.507
2.565	66.166	381.507
2.61	69.911	381.507
2.6227	69.911	381.507
2.6386	73.867	462.062
2.704	82.997	462.062
2.725	86.377	462.062
2.74	86.377	462.062
2.834	96.612	462.062
2.8475	97.721	548.959
2.86	98.663	548.959
2.876	99.883	548.959
2.8923	101.139	548.959
2.92	103.315	548.959
2.944	105.237	591.493
2.993	109.273	591.493
3.008	110.539	591.493
3.0295	112.382	591.493
3.15	123.274	678.384
3.1915	127.267	678.384
3.31	139.391	678.384
3.42	151.677	807.027
3.4348	153.413	807.027
3.55	167.601	856.447
3.58	171.507	856.447
3.6275	177.885	856.447
3.6751	184.5	856.447
3.9792	233.04	1066.458
4.104	256.471	1138.267
4.165	268.767	1138.267
4.4473	333.825	1399.583
4.5965	374.362	1897.584
4.628	383.528	2005.298
4.6877	401.506	2005.298
4.7464	420.038	2149.657
5.0	510.347	2544.724
5.0483	529.607	2544.724
5.1074	554.219	2720.755
5.2583	622.311	2720.755
5.6196	821.273	3422.894
5.72	887.132	3422.894
5.785	932.537	3422.894
5.8414	973.814	3422.894
6.0082	1106.867	4552.85
6.1749	1258.059	4823.248
6.2163	1298.698	4823.248
6.39	1484.015	5600.755
6.5294	1651.694	6632.343
7.1009	2561.669	8465.603
7.1345	2628.667	8465.603
7.2414	2853.562	9968.207
7.2853	2951.403	9968.207
7.6199	3816.104	12546.689
7.71	4089.493	12546.689
7.97	4993.226	16338.963
8.19	5912.257	18693.785
8.6005	8103.237	24550.791
8.9587	8882.046	33188.974
9.045	11217.875	33188.974
9.276	12854.473	39489.866
9.43	14166.84	44706.867
9.478	14166.84	44706.867
9.64	15923.584	56470.312
9.689	16929.282	56470.312
9.916	19234.125	34209.509
10.083	20875.079	34209.509
10.216	23451.214	34209.509
10.405	25623.9	34209.509
