2.2663	6.085	26.727
2.3181	6.085	26.727
2.3239	6.085	26.727
2.36	6.085	33.598
2.3909	6.085	33.598
2.5877	6.085	36.526
2.6645	6.085	31.793
2.706	6.085	27.159
2.715	6.085	26.699
2.9282	6.085	18.277
2.9929	6.085	18.511
3.0248	6.085	18.511
3.0427	6.085	18.511
3.1141	6.085	19.867
3.1216	6.085	19.867
3.1297	6.085	19.867
3.309	6.085	23.595
3.3193	6.085	23.595
3.3295	6.085	23.595
3.434	6.085	25.822
3.437	6.085	26.097
3.4429	6.085	26.162
3.4478	6.085	26.162
3.5506	6.085	28.155
3.5739	6.085	28.58
3.5781	5.687	28.953
3.5803	5.687	32.248
3.615	6.308	34.53
3.654	6.803	43.862
3.699	7.678	53.029
3.7289	7.678	59.103
3.7418	7.678	59.103
3.7577	7.678	59.103
3.8855	11.576	84.083
3.9052	11.576	86.805
3.93	14.854	88.126
4.0	16.183	92.393
4.051	16.183	100.598
4.072	16.183	100.598
4.1003	16.183	105.208
4.108	18.688	105.208
4.154	18.688	109.048
4.183	18.688	114.609
4.207	18.688	117.389
4.213	18.688	117.389
4.258	24.004	123.055
4.267	24.004	123.055
4.2952	26.187	125.342
4.3013	26.187	125.342
4.307	26.187	125.039
4.3489	27.403	124.404
4.4099	33.222	123.206
4.441	33.222	122.34
4.465	33.222	121.669
4.5	33.222	121.669
4.5283	40.43	121.669
4.53	40.43	121.669
4.6222	47.326	118.632
4.699	49.032	117.395
4.7112	49.032	117.395
4.7702	50.996	115.736
4.81	52.722	115.736
4.8178	52.722	120.901
4.9036	57.193	130.197
4.9142	57.193	130.197
4.9314	59.189	136.129
4.9727	61.55	141.848
5.0425	65.372	151.455
5.0537	65.852	151.455
5.1057	68.125	162.534
5.2187	73.339	181.178
5.231	73.93	183.989
5.255	75.097	188.713
5.264	75.539	188.713
5.306	76.772	197.573
5.4275	81.9	218.207
5.431	81.9	218.207
5.4436	81.9	222.209
5.474	82.514	228.187
5.482	82.951	229.832
5.5223	83.623	233.327
5.542	83.623	233.327
5.55	84.073	242.784
5.584	84.766	250.446
5.589	84.899	251.4
5.596	84.899	252.358
5.6008	84.899	252.358
5.608	84.899	254.824
5.62	85.438	257.716
5.645	85.438	257.716
5.657	85.438	265.119
5.694	86.615	274.4
5.711	87.682	278.584
5.719	87.682	280.012
5.722	87.682	280.012
5.7775	89.022	294.443
5.801	89.774	303.525
5.822	90.132	309.615
5.8327	90.132	315.458
5.839	90.132	317.863
5.846	90.132	319.726
5.8542	90.132	322.163
5.8807	91.3	331.52
5.897	91.3	337.776
5.914	91.3	345.198
5.923	91.3	345.198
5.931	91.3	353.36
5.941	91.3	353.36
5.95	93.443	353.36
5.9584	93.443	353.36
5.968	93.443	367.638
5.971	93.443	367.638
6.033	95.522	394.108
6.039	95.522	400.842
6.076	97.227	411.881
6.086	97.227	421.3
6.0918	97.227	425.705
6.103	99.056	432.65
6.1275	99.056	442.26
6.197	106.703	478.639
6.201	106.703	478.639
6.206	107.869	488.641
6.21	107.869	488.641
6.229	107.869	497.921
6.2367	110.367	497.921
6.296	115.271	531.115
6.3041	115.271	531.115
6.31	115.271	531.115
6.3239	115.271	534.987
6.326	115.271	537.311
6.336	119.525	539.809
6.3442	119.525	539.809
6.365	123.613	542.16
6.3733	123.613	542.16
6.381	123.613	548.159
6.396	123.613	548.159
6.404	123.613	548.159
6.41	123.613	554.816
6.419	123.613	554.816
6.444	123.613	558.299
6.451	134.956	558.299
6.457	134.956	558.299
6.461	134.956	558.299
6.47	134.956	558.299
6.481	134.956	570.689
6.487	134.956	570.689
6.493	134.956	570.689
6.519	144.261	570.689
6.5302	147.074	570.689
6.559	149.679	586.425
6.598	153.796	593.571
6.6112	153.796	602.11
6.6249	153.796	602.11
6.632	153.796	602.11
6.644	153.796	602.11
6.661	167.769	614.594
6.6905	167.769	614.594
6.6997	167.769	624.692
6.7083	167.769	624.692
6.7274	180.843	630.881
6.7459	185.026	633.616
6.76	188.844	639.198
6.7985	193.758	647.869
6.8101	193.758	657.669
6.8339	203.538	666.165
6.8423	203.538	666.165
6.8649	208.948	671.011
6.8771	215.71	671.011
6.885	217.305	671.011
6.894	218.86	671.011
6.9029	220.135	671.011
6.9215	222.824	671.011
6.939	225.383	671.011
6.943	225.98	671.011
6.9461	226.43	671.011
6.959	228.344	671.011
6.9677	229.644	671.011
7.0137	236.643	671.011
7.0277	238.815	671.011
7.0448	241.495	671.011
7.1368	256.439	671.011
7.18	263.772	671.011
7.197	266.715	671.011
7.251	276.282	671.011
7.299	285.074	671.011
7.332	291.28	671.011
7.348	294.337	671.011
7.3535	295.396	671.011
7.3916	302.833	671.011
7.407	305.892	671.011
7.444	313.368	671.011
7.4458	313.736	671.011
7.45	314.598	671.011
7.4711	318.96	671.011
