E(cm)		cu59		n+58cu	he4+co55
0.2005	        4.338E-18	0	0
0.20778	1.236E-17	0	0
0.21645	4.01E-17	0	0
0.22677	1.487E-16	0	0
0.23905	6.317E-16	0	0
0.25368	3.072E-15	0	0
0.2711		1.7E-14	0	0
0.29183	1.061E-13	0	0
0.31652	7.362E-13	0	0
0.34591	5.583E-12	0	0
0.3809		4.532E-11	0	0
0.42256	3.85E-10	0	0
0.47217	3.343E-09	0	0
0.53122	2.896E-08	0	0
0.60153	2.448E-07	0	0
0.68523	1.977E-06	0	0
0.78489	1.496E-05	0	0
0.90355	0.000103	0	0
1.04481	0.0005958	0	0
1.213		0.002464	0	0
1.41324	0.007478	0	0
1.65164	0.01846	0	0
1.93547	0.03738	0	0
1.97199	0.04034	0	0
2.01668	0.04412	0	1.109E-34
2.07138	0.049		0	1.308E-32
2.13832	0.0553		0	2.273E-30
2.22025	0.06348	0	5.516E-28
2.3205		0.07413	0	1.744E-25
2.4432		0.08802	0	6.594E-23
2.59337	0.1062		0	2.726E-20
2.77714	0.1295		0	1.112E-17
3.00205	0.1578		0	4.008E-15
3.27729	0.1892		0	1.152E-12
3.61415	0.2226		0	2.458E-10
4.0264		0.2567		0	3.599E-08
4.53092	0.287		0	3.324E-06
5.14836	0.3137		0	0.0001887
5.90401	0.324		0	0.006367
6.82878	0.2901		0	0.1132
7.96055	0.2354		0	1.14
9.17942	0.1914		0	5.296
9.27638	0.1892		0	5.782
9.34563	0.1878		0.2093	6.151
9.36373	0.187		1.851	6.241
9.38347	0.1864		2.532	6.339
9.405		0.1857		3.045	6.446
9.42848	0.1848		3.472	6.56
9.4541		0.1841		3.862	6.691
9.48204	0.1834		4.225	6.837
9.51252	0.1826		4.571	6.99
9.54576	0.1819		4.912	7.166
9.58202	0.1809		6.138	7.354
9.62158	0.1798		6.798	7.558
9.66472	0.1786		7.377	7.777
9.71178	0.1774		7.915	8.01
9.76311	0.1759		8.423	8.253
9.81911	0.1741		10.3	8.509
9.88018	0.1724		11.6	8.798
9.9468		0.1709		12.6	9.125

