0.0 
491 
914.4 
1398.6
1865.4
1988
2266
2318
2324
2369
2664
2709
2716
2928
2993
3024
3115
3130
3309
3434
3438
3551
3574
3578
3615
3699
3729
3742
3758
3887
3906
3930
4072
4183
4207
4259
4301
4307
4349
4411.3
4441 
4465 
4494 
4530 
4618 
4699 
4710.7
4769 1
4817.9
4914.6
4932.3
4973.6
5043.3
5053.2
5105.3
5230.6
5255.0
5264
5306
5431
5442
5473
5482
5521
5542
5550
5584
5589
5602
5608
5620
5642
5658
5694
5712
5719
5777.5
5801
5822
5833
5851
5881
5897
5914
5928
5941
5957
5968
5971
6033
6039
6076
6091
6125
6197
6201
6238
6300
6322
6326
6336
6341
6362
6381
6396
6404
6410
6419
6444
6451
6457
6461
6470
6481
6487
6493
6501
6510
6519
6524
6532
6542
6552
6559
6572
6580
6591
6597
6607
6615
6621
6627
6638
6644
6662
6668
6692
6702
6710
6727
6737
6749
6760
6768
6782
6797
6811
6828
6843
6867
6879
6885
6894
6923
6939
6945
6959
6967
6971
6986
6991
7001
7016
7029
7036
7048
7083
7117
7136
7150
7172
7197
7251
7278
7299
7332
7348
7381
7394
7407
7423
7444
7473
7480
7503
7517
7523
7539
7586
7607
7617
7624
7650
7671
7681
7697
7732
7752
7759
7773
7794
7801
7824
7843
7863
7876
7890
7897
7904
7922
7951
7964
7991
8013
8027
8038
8055
8066
8077
8084
8096
8108
8128
8141
8169
8187
8202
8223
8237
8245
8259
8267
8273
8284
8329
