0
475.84
970
1310.88
1393.94
1661.09
1733.1
1904.4
1933
1943.2
2088.2
2203.2
2358.1
2399.7
2473
2583.8
2684
2722.2
2791.9
2841.2
2856.2
2932.1
3002.4
3017.4
3042
3065.1
3092.1
3277.1
3358.2
3411.7
3430.3
3437.1
3524.3
3590.1
3612.6
3706.1
3730.1
3790.2
3947
3980.6
4132.8
4296.1
4333
4382
5126.3
5251.7
5465
5513.3
5680.4
5812.2
5848.6
5860.4
5913.5
5947.9
5977.4
5989.2
6018.7
6026.6
6091.5
6097.4
6101.3
6109.2
6121
6124.9
6148.5
6158.4
6191.8
6207.5
6227.2
6237
6241
6258.7
6266.5
6290.1
6294.1
6303.9
6312.8
6340.3
6351.1
6361.9
6372.4
6378.5
6393.2
6412.1
6416
6421.9
6428.7
6441.3
6446.1
6451.4
6457.6
6466.2
6470.1
6482.9
6492.7
6505.6
6510.4
6528.1
6535.1
6541
6553.7
6563.5
6584.3
6585.2
6604.3
6619.3
6627.2
6629.8
6645.3
6678.4
6693.8
6706.5
6711.9
6739
6762.6
6799
6802.3
6813.7
6915
6937.4
7010.7
7016.3
7025.4
7044.7
7054.7
7059.8
7107.3
7120.8
7159
7201.3
7214.3
7223.2
7262.3
7283.2
7313.3
7319.2
7428.4
7510
7549.4
7559.2
7561.2
7572
7645.8
7647.7
7847.1
8131.9
8149.4
8194.4
8431.4
8436.4
8440
8442.8
8446
8447.1
8448.2
8454.5
8455.1
8458.6
8464.4
8465.9
8466
8469.5
8473.1
8476.3
8478.3
8481.5
8481.7
8485
8489.9
8492.4
8499.9
8503.7
8507.3
8508.1
8509.9
8515.4
8522.6

