0
40.83
243.42
287.81
390.12
426.18
548.31
637.46
644.82
674.96
698.31
727.72
755.95
915.33
982.7
1023.02
1051.6
1077.2
1141.66
1144.1
1170
1221.51
1248.65
1285.03
1346.3
1354.3
1367
1373.9
1395
1403.3
1410.2
1416.1
1427.5
1429.57
1433
1485.72
1504.9
1507.3
1511.2
1525.91
1568.06
1581.6
1587
1678.3
1679.1
1682.1
1710.51
1736.3
1745
1759.5
1775
1820.3
1827.6
1843
1981.39
1996
2022
2067.5
2107
2139
2145.9
2154.7
2160.64
2176
2224
2239.4
2315
2360
2374
2422
2444.1
2486
2506
2547
2565
2610
2622.7
2638.6
2704
2725
2740
2835
2860
2876
2892.27
2920
2944
2993
3008
3029.54
3150
3191.51
3310
3420
3434.82
3550
3580
3627.55
3675.1
3979.24
4104
4164.98
4447.26
4596.5
4628
4628.9
4746.41
5000.01
5048.25
5107.4
5258.3
5619.55
5720
5785
5841.4
6008.17
6174.9
6216.3
6390
6529.4
7100.88
7134.5
7241.4
7285.3
7619.9
7710
7970
8190
8600.5
8958.7
9045
9276
9430
9478
9640
9689
9916
10083
10216
10405
10883.7
