   0.25  0.154  5.23E-01 2.09E+00 2.09E+00 1.95E-01 3.37E-01 3.95E-01 3.74E-01 3.01E-01 2.11E-01 1.30E-01 7.15E-02 3.50E-02 1.54E-02 6.05E-03 2.14E-03 6.84E-04 1.97E-04 5.10E-05 1.19E-05 2.53E-06 4.83E-07 8.34E-08 1.30E-08 1.84E-09 2.36E-10 2.73E-11 2.85E-12 2.71E-13 2.32E-14 1.81E-15 1.27E-16 8.10E-18 4.67E-19 
   0.50  0.154  9.05E-01 1.53E+00 1.53E+00 1.43E-01 2.46E-01 2.89E-01 2.74E-01 2.20E-01 1.54E-01 9.53E-02 5.23E-02 2.56E-02 1.12E-02 4.43E-03 1.57E-03 5.00E-04 1.44E-04 3.73E-05 8.73E-06 1.85E-06 3.53E-07 6.10E-08 9.53E-09 1.35E-09 1.72E-10 1.99E-11 2.09E-12 1.98E-13 1.70E-14 1.32E-15 9.29E-17 5.92E-18 3.42E-19 
   0.75 24.455  1.28E+00 1.51E+00 1.51E+00 1.41E-01 2.44E-01 2.86E-01 2.71E-01 2.18E-01 1.53E-01 9.44E-02 5.18E-02 2.54E-02 1.11E-02 4.38E-03 1.55E-03 4.95E-04 1.42E-04 3.69E-05 8.64E-06 1.83E-06 3.49E-07 6.04E-08 9.43E-09 1.33E-09 1.71E-10 1.97E-11 2.07E-12 1.96E-13 1.68E-14 1.31E-15 9.20E-17 5.86E-18 3.38E-19 
   1.00 24.455  1.67E+00 1.53E+00 1.53E+00 1.43E-01 2.46E-01 2.89E-01 2.74E-01 2.20E-01 1.54E-01 9.54E-02 5.23E-02 2.56E-02 1.12E-02 4.43E-03 1.57E-03 5.00E-04 1.44E-04 3.73E-05 8.73E-06 1.85E-06 3.53E-07 6.10E-08 9.53E-09 1.35E-09 1.72E-10 1.99E-11 2.09E-12 1.98E-13 1.70E-14 1.32E-15 9.29E-17 5.92E-18 3.42E-19 
   1.25 24.455  2.04E+00 1.48E+00 1.48E+00 1.38E-01 2.38E-01 2.80E-01 2.65E-01 2.13E-01 1.50E-01 9.24E-02 5.07E-02 2.48E-02 1.09E-02 4.29E-03 1.52E-03 4.85E-04 1.39E-04 3.61E-05 8.46E-06 1.79E-06 3.42E-07 5.91E-08 9.23E-09 1.31E-09 1.67E-10 1.93E-11 2.02E-12 1.92E-13 1.65E-14 1.28E-15 9.00E-17 5.74E-18 3.31E-19 
   1.50 12.505  2.53E+00 1.97E+00 1.97E+00 1.83E-01 3.17E-01 3.72E-01 3.52E-01 2.83E-01 1.99E-01 1.23E-01 6.73E-02 3.30E-02 1.45E-02 5.69E-03 2.02E-03 6.43E-04 1.85E-04 4.80E-05 1.12E-05 2.38E-06 4.54E-07 7.85E-08 1.23E-08 1.73E-09 2.22E-10 2.56E-11 2.68E-12 2.55E-13 2.18E-14 1.70E-15 1.20E-16 7.62E-18 4.40E-19 
   1.75  0.509  3.33E+00 3.19E+00 3.19E+00 2.97E-01 5.13E-01 6.03E-01 5.71E-01 4.59E-01 3.22E-01 1.99E-01 1.09E-01 5.34E-02 2.34E-02 9.23E-03 3.27E-03 1.04E-03 3.00E-04 7.78E-05 1.82E-05 3.85E-06 7.36E-07 1.27E-07 1.99E-08 2.81E-09 3.59E-10 4.16E-11 4.35E-12 4.13E-13 3.54E-14 2.75E-15 1.94E-16 1.23E-17 7.13E-19 
   2.00  0.532  4.63E+00 5.23E+00 5.23E+00 4.87E-01 8.41E-01 9.88E-01 9.35E-01 7.53E-01 5.27E-01 3.26E-01 1.79E-01 8.76E-02 3.84E-02 1.51E-02 5.36E-03 1.71E-03 4.91E-04 1.27E-04 2.98E-05 6.31E-06 1.21E-06 2.08E-07 3.26E-08 4.60E-09 5.88E-10 6.81E-11 7.13E-12 6.76E-13 5.80E-14 4.51E-15 3.17E-16 2.02E-17 1.17E-18 
   2.25  0.954  6.69E+00 8.21E+00 8.21E+00 7.65E-01 1.32E+00 1.55E+00 1.47E+00 1.18E+00 8.29E-01 5.12E-01 2.81E-01 1.38E-01 6.04E-02 2.38E-02 8.42E-03 2.69E-03 7.72E-04 2.00E-04 4.69E-05 9.92E-06 1.90E-06 3.27E-07 5.12E-08 7.23E-09 9.25E-10 1.07E-10 1.12E-11 1.06E-12 9.12E-14 7.09E-15 4.99E-16 3.18E-17 1.84E-18 
   2.50  0.954  9.19E+00 1.00E+01 1.00E+01 9.31E-01 1.61E+00 1.89E+00 1.79E+00 1.44E+00 1.01E+00 6.23E-01 3.42E-01 1.67E-01 7.35E-02 2.89E-02 1.02E-02 3.27E-03 9.40E-04 2.44E-04 5.71E-05 1.21E-05 2.31E-06 3.99E-07 6.23E-08 8.80E-09 1.13E-09 1.30E-10 1.36E-11 1.29E-12 1.11E-13 8.63E-15 6.07E-16 3.87E-17 2.23E-18 
   2.75  1.109  1.23E+01 1.23E+01 1.23E+01 1.15E+00 1.98E+00 2.33E+00 2.20E+00 1.77E+00 1.24E+00 7.67E-01 4.21E-01 2.06E-01 9.04E-02 3.56E-02 1.26E-02 4.02E-03 1.16E-03 3.00E-04 7.02E-05 1.49E-05 2.84E-06 4.91E-07 7.67E-08 1.08E-08 1.39E-09 1.60E-10 1.68E-11 1.59E-12 1.37E-13 1.06E-14 7.47E-16 4.76E-17 2.75E-18 
   3.00  1.612  1.61E+01 1.55E+01 1.55E+01 1.44E+00 2.49E+00 2.93E+00 2.77E+00 2.23E+00 1.56E+00 9.66E-01 5.30E-01 2.60E-01 1.14E-01 4.48E-02 1.59E-02 5.07E-03 1.46E-03 3.78E-04 8.85E-05 1.87E-05 3.58E-06 6.18E-07 9.65E-08 1.36E-08 1.74E-09 2.02E-10 2.11E-11 2.00E-12 1.72E-13 1.34E-14 9.41E-16 6.00E-17 3.46E-18 
   3.25  1.371  2.05E+01 1.75E+01 1.75E+01 1.63E+00 2.81E+00 3.30E+00 3.12E+00 2.51E+00 1.76E+00 1.09E+00 5.97E-01 2.92E-01 1.28E-01 5.05E-02 1.79E-02 5.71E-03 1.64E-03 4.26E-04 9.97E-05 2.11E-05 4.03E-06 6.96E-07 1.09E-07 1.54E-08 1.97E-09 2.27E-10 2.38E-11 2.26E-12 1.94E-13 1.51E-14 1.06E-15 6.76E-17 3.90E-18 
   3.50  1.371  2.60E+01 2.19E+01 2.19E+01 2.04E+00 3.52E+00 4.13E+00 3.91E+00 3.15E+00 2.20E+00 1.36E+00 7.47E-01 3.66E-01 1.61E-01 6.32E-02 2.24E-02 7.14E-03 2.05E-03 5.33E-04 1.25E-04 2.64E-05 5.04E-06 8.71E-07 1.36E-07 1.92E-08 2.46E-09 2.85E-10 2.98E-11 2.83E-12 2.43E-13 1.89E-14 1.33E-15 8.46E-17 4.88E-18 
   3.75  1.300  3.35E+01 3.00E+01 3.00E+01 2.80E+00 4.83E+00 5.68E+00 5.38E+00 4.33E+00 3.03E+00 1.87E+00 1.03E+00 5.03E-01 2.21E-01 8.69E-02 3.08E-02 9.82E-03 2.82E-03 7.32E-04 1.71E-04 3.63E-05 6.93E-06 1.20E-06 1.87E-07 2.65E-08 3.38E-09 3.91E-10 4.10E-11 3.89E-12 3.34E-13 2.59E-14 1.82E-15 1.16E-16 6.71E-18 
   4.00  1.081  4.33E+01 3.94E+01 3.94E+01 3.67E+00 6.33E+00 7.44E+00 7.04E+00 5.67E+00 3.97E+00 2.45E+00 1.35E+00 6.60E-01 2.89E-01 1.14E-01 4.04E-02 1.29E-02 3.70E-03 9.60E-04 2.25E-04 4.75E-05 9.08E-06 1.57E-06 2.45E-07 3.47E-08 4.43E-09 5.13E-10 5.37E-11 5.09E-12 4.37E-13 3.40E-14 2.39E-15 1.52E-16 8.80E-18 
   4.25  1.192  5.50E+01 4.67E+01 4.67E+01 4.35E+00 7.52E+00 8.83E+00 8.36E+00 6.73E+00 4.71E+00 2.91E+00 1.60E+00 7.82E-01 3.43E-01 1.35E-01 4.79E-02 1.53E-02 4.39E-03 1.14E-03 2.67E-04 5.64E-05 1.08E-05 1.86E-06 2.91E-07 4.11E-08 5.26E-09 6.09E-10 6.37E-11 6.04E-12 5.19E-13 4.03E-14 2.84E-15 1.81E-16 1.04E-17 
   4.50  1.430  6.89E+01 5.58E+01 5.58E+01 5.19E+00 8.97E+00 1.05E+01 9.98E+00 8.03E+00 5.63E+00 3.48E+00 1.91E+00 9.34E-01 4.10E-01 1.61E-01 5.72E-02 1.82E-02 5.24E-03 1.36E-03 3.18E-04 6.73E-05 1.29E-05 2.22E-06 3.47E-07 4.91E-08 6.28E-09 7.26E-10 7.61E-11 7.21E-12 6.19E-13 4.81E-14 3.39E-15 2.16E-16 1.25E-17 
   4.75  1.430  8.56E+01 6.66E+01 6.66E+01 6.20E+00 1.07E+01 1.26E+01 1.19E+01 9.59E+00 6.72E+00 4.15E+00 2.28E+00 1.12E+00 4.89E-01 1.93E-01 6.82E-02 2.18E-02 6.26E-03 1.62E-03 3.80E-04 8.04E-05 1.54E-05 2.65E-06 4.15E-07 5.86E-08 7.50E-09 8.67E-10 9.08E-11 8.61E-12 7.39E-13 5.75E-14 4.04E-15 2.58E-16 1.49E-17 
   5.00  1.430  1.05E+02 7.93E+01 7.93E+01 7.39E+00 1.28E+01 1.50E+01 1.42E+01 1.14E+01 8.00E+00 4.94E+00 2.71E+00 1.33E+00 5.83E-01 2.30E-01 8.13E-02 2.59E-02 7.45E-03 1.93E-03 4.53E-04 9.57E-05 1.83E-05 3.16E-06 4.94E-07 6.98E-08 8.93E-09 1.03E-09 1.08E-10 1.03E-11 8.81E-13 6.84E-14 4.82E-15 3.07E-16 1.77E-17 
   5.50  1.430  1.61E+02 1.12E+02 1.12E+02 1.04E+01 1.80E+01 2.12E+01 2.00E+01 1.61E+01 1.13E+01 6.98E+00 3.83E+00 1.88E+00 8.23E-01 3.24E-01 1.15E-01 3.66E-02 1.05E-02 2.73E-03 6.39E-04 1.35E-04 2.58E-05 4.46E-06 6.97E-07 9.86E-08 1.26E-08 1.46E-09 1.53E-10 1.45E-11 1.24E-12 9.66E-14 6.80E-15 4.33E-16 2.50E-17 
   6.00  1.430  2.41E+02 1.60E+02 1.60E+02 1.49E+01 2.57E+01 3.02E+01 2.86E+01 2.30E+01 1.61E+01 9.95E+00 5.46E+00 2.67E+00 1.17E+00 4.62E-01 1.64E-01 5.22E-02 1.50E-02 3.89E-03 9.11E-04 1.93E-04 3.68E-05 6.36E-06 9.94E-07 1.41E-07 1.80E-08 2.08E-09 2.18E-10 2.06E-11 1.77E-12 1.38E-13 9.69E-15 6.18E-16 3.57E-17 
   6.50  1.430  3.54E+02 2.25E+02 2.25E+02 2.10E+01 3.63E+01 4.26E+01 4.03E+01 3.25E+01 2.27E+01 1.41E+01 7.71E+00 3.78E+00 1.66E+00 6.52E-01 2.31E-01 7.37E-02 2.12E-02 5.50E-03 1.29E-03 2.72E-04 5.20E-05 8.99E-06 1.40E-06 1.98E-07 2.54E-08 2.94E-09 3.08E-10 2.92E-11 2.50E-12 1.95E-13 1.37E-14 8.73E-16 5.04E-17 
   7.00  1.430  5.14E+02 3.21E+02 3.21E+02 2.99E+01 5.17E+01 6.07E+01 5.74E+01 4.62E+01 3.24E+01 2.00E+01 1.10E+01 5.38E+00 2.36E+00 9.29E-01 3.29E-01 1.05E-01 3.02E-02 7.83E-03 1.83E-03 3.88E-04 7.41E-05 1.28E-05 2.00E-06 2.83E-07 3.61E-08 4.18E-09 4.38E-10 4.15E-11 3.56E-12 2.77E-13 1.95E-14 1.24E-15 7.17E-17 
   7.50  1.430  7.42E+02 4.55E+02 4.55E+02 4.24E+01 7.32E+01 8.59E+01 8.14E+01 6.55E+01 4.59E+01 2.83E+01 1.56E+01 7.62E+00 3.34E+00 1.32E+00 4.66E-01 1.49E-01 4.27E-02 1.11E-02 2.60E-03 5.49E-04 1.05E-04 1.81E-05 2.83E-06 4.00E-07 5.12E-08 5.92E-09 6.20E-10 5.88E-11 5.05E-12 3.92E-13 2.76E-14 1.76E-15 1.02E-16 
   8.00  1.430  1.06E+03 6.45E+02 6.45E+02 6.01E+01 1.04E+02 1.22E+02 1.15E+02 9.29E+01 6.51E+01 4.02E+01 2.21E+01 1.08E+01 4.74E+00 1.87E+00 6.61E-01 2.11E-01 6.06E-02 1.57E-02 3.68E-03 7.79E-04 1.49E-04 2.57E-05 4.02E-06 5.68E-07 7.26E-08 8.41E-09 8.80E-10 8.35E-11 7.16E-12 5.57E-13 3.92E-14 2.50E-15 1.44E-16 
   8.50  1.430  1.52E+03 9.16E+02 9.16E+02 8.54E+01 1.47E+02 1.73E+02 1.64E+02 1.32E+02 9.25E+01 5.71E+01 3.13E+01 1.54E+01 6.73E+00 2.65E+00 9.39E-01 3.00E-01 8.61E-02 2.23E-02 5.23E-03 1.11E-03 2.11E-04 3.65E-05 5.71E-06 8.07E-07 1.03E-07 1.19E-08 1.25E-09 1.19E-10 1.02E-11 7.91E-13 5.57E-14 3.55E-15 2.05E-16 
   9.00  1.430  2.17E+03 1.30E+03 1.30E+03 1.21E+02 2.08E+02 2.45E+02 2.32E+02 1.87E+02 1.31E+02 8.08E+01 4.43E+01 2.17E+01 9.52E+00 3.75E+00 1.33E+00 4.24E-01 1.22E-01 3.16E-02 7.40E-03 1.56E-03 2.99E-04 5.17E-05 8.07E-06 1.14E-06 1.46E-07 1.69E-08 1.77E-09 1.68E-10 1.44E-11 1.12E-12 7.87E-14 5.02E-15 2.90E-16 
   9.50  1.430  3.09E+03 1.85E+03 1.85E+03 1.72E+02 2.97E+02 3.49E+02 3.30E+02 2.66E+02 1.86E+02 1.15E+02 6.31E+01 3.09E+01 1.36E+01 5.34E+00 1.89E+00 6.03E-01 1.73E-01 4.50E-02 1.05E-02 2.23E-03 4.26E-04 7.36E-05 1.15E-05 1.62E-06 2.08E-07 2.40E-08 2.52E-09 2.39E-10 2.05E-11 1.59E-12 1.12E-13 7.14E-15 4.12E-16 
  10.00  1.430  4.39E+03 2.60E+03 2.60E+03 2.42E+02 4.19E+02 4.92E+02 4.66E+02 3.75E+02 2.63E+02 1.62E+02 8.90E+01 4.36E+01 1.91E+01 7.53E+00 2.67E+00 8.51E-01 2.45E-01 6.34E-02 1.49E-02 3.14E-03 6.00E-04 1.04E-04 1.62E-05 2.29E-06 2.93E-07 3.39E-08 3.55E-09 3.37E-10 2.89E-11 2.25E-12 1.58E-13 1.01E-14 5.82E-16 
  11.00  1.430  9.65E+03 5.25E+03 5.25E+03 4.89E+02 8.45E+02 9.92E+02 9.40E+02 7.56E+02 5.30E+02 3.27E+02 1.80E+02 8.80E+01 3.86E+01 1.52E+01 5.38E+00 1.72E+00 4.94E-01 1.28E-01 3.00E-02 6.34E-03 1.21E-03 2.09E-04 3.27E-05 4.62E-06 5.91E-07 6.84E-08 7.16E-09 6.79E-10 5.83E-11 4.53E-12 3.19E-13 2.03E-14 1.17E-15 
  12.00  1.430  2.02E+04 1.06E+04 1.06E+04 9.86E+02 1.70E+03 2.00E+03 1.89E+03 1.52E+03 1.07E+03 6.60E+02 3.62E+02 1.77E+02 7.78E+01 3.06E+01 1.09E+01 3.46E+00 9.95E-01 2.58E-01 6.04E-02 1.28E-02 2.44E-03 4.22E-04 6.60E-05 9.32E-06 1.19E-06 1.38E-07 1.44E-08 1.37E-09 1.18E-10 9.14E-12 6.43E-13 4.10E-14 2.37E-15 
  13.00  1.430  4.16E+04 2.13E+04 2.13E+04 1.99E+03 3.43E+03 4.03E+03 3.82E+03 3.07E+03 2.15E+03 1.33E+03 7.29E+02 3.57E+02 1.57E+02 6.17E+01 2.19E+01 6.97E+00 2.00E+00 5.20E-01 1.22E-01 2.57E-02 4.92E-03 8.50E-04 1.33E-04 1.88E-05 2.40E-06 2.78E-07 2.91E-08 2.76E-09 2.37E-10 1.84E-11 1.30E-12 8.26E-14 4.77E-15 
  14.00  1.430  8.45E+04 4.29E+04 4.29E+04 4.00E+03 6.91E+03 8.11E+03 7.68E+03 6.18E+03 4.33E+03 2.68E+03 1.47E+03 7.19E+02 3.15E+02 1.24E+02 4.40E+01 1.40E+01 4.03E+00 1.05E+00 2.45E-01 5.18E-02 9.91E-03 1.71E-03 2.67E-04 3.78E-05 4.83E-06 5.59E-07 5.86E-08 5.55E-09 4.77E-10 3.70E-11 2.61E-12 1.66E-13 9.59E-15 
  15.00  1.430  1.71E+05 8.63E+04 8.63E+04 8.04E+03 1.39E+04 1.63E+04 1.54E+04 1.24E+04 8.71E+03 5.38E+03 2.95E+03 1.45E+03 6.34E+02 2.50E+02 8.85E+01 2.82E+01 8.11E+00 2.10E+00 4.93E-01 1.04E-01 1.99E-02 3.44E-03 5.38E-04 7.60E-05 9.72E-06 1.12E-06 1.18E-07 1.12E-08 9.59E-10 7.45E-11 5.24E-12 3.34E-13 1.93E-14 
  16.00  1.430  3.44E+05 1.74E+05 1.74E+05 1.62E+04 2.79E+04 3.28E+04 3.10E+04 2.50E+04 1.75E+04 1.08E+04 5.93E+03 2.91E+03 1.28E+03 5.02E+02 1.78E+02 5.67E+01 1.63E+01 4.23E+00 9.90E-01 2.09E-01 4.00E-02 6.92E-03 1.08E-03 1.53E-04 1.95E-05 2.26E-06 2.37E-07 2.24E-08 1.93E-09 1.50E-10 1.05E-11 6.72E-13 3.88E-14 
  17.00  1.430  6.93E+05 3.48E+05 3.48E+05 3.25E+04 5.61E+04 6.59E+04 6.23E+04 5.02E+04 3.52E+04 2.17E+04 1.19E+04 5.84E+03 2.56E+03 1.01E+03 3.57E+02 1.14E+02 3.27E+01 8.49E+00 1.99E+00 4.21E-01 8.04E-02 1.39E-02 2.17E-03 3.07E-04 3.92E-05 4.54E-06 4.75E-07 4.51E-08 3.87E-09 3.01E-10 2.12E-11 1.35E-12 7.79E-14 
  18.00  1.430  1.39E+06 7.00E+05 7.00E+05 6.52E+04 1.13E+05 1.32E+05 1.25E+05 1.01E+05 7.06E+04 4.36E+04 2.39E+04 1.17E+04 5.14E+03 2.03E+03 7.17E+02 2.29E+02 6.58E+01 1.71E+01 3.99E+00 8.45E-01 1.61E-01 2.79E-02 4.36E-03 6.16E-04 7.88E-05 9.12E-06 9.55E-07 9.05E-08 7.77E-09 6.04E-10 4.25E-11 2.71E-12 1.56E-13 
  19.00  1.430  2.80E+06 1.41E+06 1.41E+06 1.32E+05 2.27E+05 2.67E+05 2.53E+05 2.03E+05 1.42E+05 8.80E+04 4.83E+04 2.37E+04 1.04E+04 4.09E+03 1.45E+03 4.62E+02 1.33E+02 3.44E+01 8.06E+00 1.70E+00 3.26E-01 5.63E-02 8.80E-03 1.24E-03 1.59E-04 1.84E-05 1.93E-06 1.83E-07 1.57E-08 1.22E-09 8.58E-11 5.47E-12 3.16E-13 
  20.00  1.430  5.65E+06 2.85E+06 2.85E+06 2.65E+05 4.58E+05 5.38E+05 5.09E+05 4.10E+05 2.87E+05 1.77E+05 9.74E+04 4.77E+04 2.09E+04 8.24E+03 2.92E+03 9.31E+02 2.68E+02 6.94E+01 1.63E+01 3.44E+00 6.57E-01 1.14E-01 1.77E-02 2.51E-03 3.21E-04 3.71E-05 3.88E-06 3.68E-07 3.16E-08 2.46E-09 1.73E-10 1.10E-11 6.36E-13 
  22.50  1.430  4.64E+07 1.63E+07 1.63E+07 1.52E+06 2.62E+06 3.08E+06 2.92E+06 2.35E+06 1.65E+06 1.02E+06 5.58E+05 2.73E+05 1.20E+05 4.72E+04 1.67E+04 5.33E+03 1.53E+03 3.97E+02 9.31E+01 1.97E+01 3.76E+00 6.50E-01 1.02E-01 1.44E-02 1.84E-03 2.12E-04 2.22E-05 2.11E-06 1.81E-07 1.41E-08 9.90E-10 6.31E-11 3.64E-12 
  25.00  1.430  2.81E+08 9.37E+07 9.37E+07 8.73E+06 1.51E+07 1.77E+07 1.68E+07 1.35E+07 9.46E+06 5.84E+06 3.20E+06 1.57E+06 6.89E+05 2.71E+05 9.60E+04 3.06E+04 8.81E+03 2.28E+03 5.35E+02 1.13E+02 2.16E+01 3.74E+00 5.84E-01 8.25E-02 1.05E-02 1.22E-03 1.28E-04 1.21E-05 1.04E-06 8.09E-08 5.69E-09 3.63E-10 2.09E-11 
  30.00  1.430  1.58E+10 3.10E+09 3.10E+09 2.89E+08 4.99E+08 5.87E+08 5.55E+08 4.47E+08 3.13E+08 1.93E+08 1.06E+08 5.20E+07 2.28E+07 8.98E+06 3.18E+06 1.01E+06 2.92E+05 7.57E+04 1.77E+04 3.75E+03 7.16E+02 1.24E+02 1.93E+01 2.73E+00 3.49E-01 4.04E-02 4.24E-03 4.02E-04 3.45E-05 2.68E-06 1.89E-07 1.20E-08 6.94E-10 
  40.00  1.430  3.38E+13 3.37E+12 3.37E+12 3.14E+11 5.43E+11 6.38E+11 6.04E+11 4.86E+11 3.40E+11 2.10E+11 1.15E+11 5.65E+10 2.48E+10 9.77E+09 3.46E+09 1.10E+09 3.17E+08 8.23E+07 1.93E+07 4.07E+06 7.79E+05 1.35E+05 2.10E+04 2.97E+03 3.80E+02 4.40E+01 4.60E+00 4.36E-01 3.75E-02 2.91E-03 2.05E-04 1.31E-05 7.54E-07 
  50.00  1.430  3.66E+16 3.66E+15 3.66E+15 3.41E+14 5.89E+14 6.92E+14 6.55E+14 5.27E+14 3.69E+14 2.28E+14 1.25E+14 6.13E+13 2.69E+13 1.06E+13 3.75E+12 1.20E+12 3.44E+11 8.92E+10 2.09E+10 4.42E+09 8.44E+08 1.46E+08 2.28E+07 3.22E+06 4.12E+05 4.77E+04 4.99E+03 4.73E+02 4.06E+01 3.16E+00 2.22E-01 1.42E-02 8.18E-04 
  60.00  1.430  4.01E+19 4.00E+18 4.00E+18 3.73E+17 6.44E+17 7.57E+17 7.16E+17 5.77E+17 4.04E+17 2.50E+17 1.37E+17 6.71E+16 2.94E+16 1.16E+16 4.10E+15 1.31E+15 3.76E+14 9.76E+13 2.29E+13 4.83E+12 9.24E+11 1.60E+11 2.49E+10 3.53E+09 4.51E+08 5.22E+07 5.46E+06 5.18E+05 4.45E+04 3.46E+03 2.43E+02 1.55E+01 8.95E-01 
  70.00  1.430  4.37E+22 4.37E+21 4.37E+21 4.07E+20 7.02E+20 8.25E+20 7.81E+20 6.29E+20 4.41E+20 2.72E+20 1.49E+20 7.31E+19 3.21E+19 1.26E+19 4.47E+18 1.43E+18 4.10E+17 1.06E+17 2.49E+16 5.27E+15 1.01E+15 1.74E+14 2.72E+13 3.84E+12 4.92E+11 5.69E+10 5.96E+09 5.65E+08 4.85E+07 3.77E+06 2.65E+05 1.69E+04 9.76E+02 
  80.00  1.430  4.75E+25 4.75E+24 4.75E+24 4.42E+23 7.63E+23 8.97E+23 8.49E+23 6.83E+23 4.79E+23 2.96E+23 1.62E+23 7.95E+22 3.49E+22 1.37E+22 4.86E+21 1.55E+21 4.46E+20 1.16E+20 2.71E+19 5.73E+18 1.09E+18 1.89E+17 2.96E+16 4.18E+15 5.34E+14 6.18E+13 6.47E+12 6.14E+11 5.27E+10 4.09E+09 2.88E+08 1.84E+07 1.06E+06 
  90.00  1.430  5.15E+28 5.15E+27 5.15E+27 4.79E+26 8.28E+26 9.73E+26 9.21E+26 7.41E+26 5.19E+26 3.21E+26 1.76E+26 8.62E+25 3.78E+25 1.49E+25 5.28E+24 1.68E+24 4.84E+23 1.25E+23 2.94E+22 6.21E+21 1.19E+21 2.05E+20 3.21E+19 4.53E+18 5.79E+17 6.71E+16 7.02E+15 6.66E+14 5.71E+13 4.44E+12 3.13E+11 1.99E+10 1.15E+09 
