   0.25  0.654  1.63E-01 6.52E-01 6.52E-01 5.86E-02 1.02E-01 1.21E-01 1.16E-01 9.46E-02 6.76E-02 4.28E-02 2.41E-02 1.22E-02 5.54E-03 2.27E-03 8.37E-04 2.79E-04 8.44E-05 2.31E-05 5.72E-06 1.28E-06 2.62E-07 4.84E-08 8.12E-09 1.24E-09 1.71E-10 2.15E-11 2.45E-12 2.54E-13 2.40E-14 2.05E-15 1.60E-16 1.13E-17 7.26E-19 
   0.50  0.223  9.48E-01 3.14E+00 3.14E+00 2.82E-01 4.90E-01 5.80E-01 5.57E-01 4.55E-01 3.26E-01 2.06E-01 1.16E-01 5.87E-02 2.66E-02 1.09E-02 4.03E-03 1.34E-03 4.06E-04 1.11E-04 2.75E-05 6.18E-06 1.26E-06 2.33E-07 3.91E-08 5.95E-09 8.23E-10 1.03E-10 1.18E-11 1.22E-12 1.15E-13 9.87E-15 7.68E-16 5.43E-17 3.49E-18 
   0.75  0.223  1.65E+00 2.83E+00 2.83E+00 2.54E-01 4.41E-01 5.23E-01 5.01E-01 4.10E-01 2.93E-01 1.85E-01 1.05E-01 5.29E-02 2.40E-02 9.82E-03 3.63E-03 1.21E-03 3.66E-04 1.00E-04 2.48E-05 5.57E-06 1.13E-06 2.10E-07 3.52E-08 5.36E-09 7.41E-10 9.31E-11 1.06E-11 1.10E-12 1.04E-13 8.89E-15 6.92E-16 4.89E-17 3.15E-18 
   1.00  0.374  2.51E+00 3.44E+00 3.44E+00 3.09E-01 5.36E-01 6.35E-01 6.09E-01 4.98E-01 3.56E-01 2.25E-01 1.27E-01 6.42E-02 2.92E-02 1.19E-02 4.41E-03 1.47E-03 4.45E-04 1.22E-04 3.01E-05 6.77E-06 1.38E-06 2.55E-07 4.28E-08 6.51E-09 9.01E-10 1.13E-10 1.29E-11 1.34E-12 1.26E-13 1.08E-14 8.41E-16 5.95E-17 3.82E-18 
   1.25  0.399  3.24E+00 2.89E+00 2.89E+00 2.60E-01 4.51E-01 5.35E-01 5.13E-01 4.19E-01 3.00E-01 1.90E-01 1.07E-01 5.40E-02 2.45E-02 1.00E-02 3.71E-03 1.24E-03 3.74E-04 1.02E-04 2.53E-05 5.69E-06 1.16E-06 2.14E-07 3.60E-08 5.48E-09 7.58E-10 9.52E-11 1.09E-11 1.13E-12 1.06E-13 9.09E-15 7.07E-16 5.00E-17 3.22E-18 
   1.50  0.214  4.44E+00 4.82E+00 4.82E+00 4.33E-01 7.51E-01 8.91E-01 8.54E-01 6.99E-01 5.00E-01 3.16E-01 1.78E-01 9.00E-02 4.09E-02 1.67E-02 6.18E-03 2.06E-03 6.23E-04 1.70E-04 4.22E-05 9.49E-06 1.93E-06 3.57E-07 5.99E-08 9.13E-09 1.26E-09 1.59E-10 1.81E-11 1.88E-12 1.77E-13 1.51E-14 1.18E-15 8.33E-17 5.36E-18 
   1.75  0.424  5.51E+00 4.26E+00 4.26E+00 3.83E-01 6.65E-01 7.88E-01 7.56E-01 6.18E-01 4.42E-01 2.80E-01 1.58E-01 7.97E-02 3.62E-02 1.48E-02 5.47E-03 1.83E-03 5.52E-04 1.51E-04 3.74E-05 8.40E-06 1.71E-06 3.16E-07 5.31E-08 8.08E-09 1.12E-09 1.40E-10 1.60E-11 1.66E-12 1.57E-13 1.34E-14 1.04E-15 7.38E-17 4.74E-18 
   2.00  0.445  7.95E+00 9.78E+00 9.78E+00 8.78E-01 1.53E+00 1.81E+00 1.73E+00 1.42E+00 1.01E+00 6.41E-01 3.62E-01 1.83E-01 8.30E-02 3.40E-02 1.25E-02 4.19E-03 1.27E-03 3.46E-04 8.57E-05 1.93E-05 3.92E-06 7.25E-07 1.22E-07 1.85E-08 2.56E-09 3.22E-10 3.68E-11 3.81E-12 3.59E-13 3.07E-14 2.39E-15 1.69E-16 1.09E-17 
   2.25  0.445  1.00E+01 8.28E+00 8.28E+00 7.44E-01 1.29E+00 1.53E+00 1.47E+00 1.20E+00 8.59E-01 5.43E-01 3.06E-01 1.55E-01 7.03E-02 2.88E-02 1.06E-02 3.55E-03 1.07E-03 2.93E-04 7.26E-05 1.63E-05 3.32E-06 6.14E-07 1.03E-07 1.57E-08 2.17E-09 2.73E-10 3.11E-11 3.23E-12 3.04E-13 2.60E-14 2.03E-15 1.43E-16 9.22E-18 
   2.50  0.520  1.39E+01 1.54E+01 1.54E+01 1.38E+00 2.40E+00 2.84E+00 2.73E+00 2.23E+00 1.60E+00 1.01E+00 5.69E-01 2.88E-01 1.31E-01 5.34E-02 1.97E-02 6.59E-03 1.99E-03 5.44E-04 1.35E-04 3.03E-05 6.17E-06 1.14E-06 1.91E-07 2.92E-08 4.03E-09 5.07E-10 5.78E-11 5.99E-12 5.65E-13 4.84E-14 3.76E-15 2.66E-16 1.71E-17 
   2.75  0.514  1.98E+01 2.37E+01 2.37E+01 2.13E+00 3.70E+00 4.39E+00 4.21E+00 3.44E+00 2.46E+00 1.56E+00 8.78E-01 4.44E-01 2.02E-01 8.25E-02 3.05E-02 1.02E-02 3.07E-03 8.40E-04 2.08E-04 4.68E-05 9.53E-06 1.76E-06 2.95E-07 4.50E-08 6.23E-09 7.82E-10 8.92E-11 9.25E-12 8.72E-13 7.46E-14 5.81E-15 4.11E-16 2.64E-17 
   3.00  0.614  2.62E+01 2.56E+01 2.56E+01 2.30E+00 3.99E+00 4.73E+00 4.53E+00 3.71E+00 2.65E+00 1.68E+00 9.46E-01 4.78E-01 2.17E-01 8.88E-02 3.28E-02 1.09E-02 3.31E-03 9.04E-04 2.24E-04 5.03E-05 1.03E-05 1.90E-06 3.18E-07 4.85E-08 6.70E-09 8.42E-10 9.61E-11 9.96E-12 9.39E-13 8.04E-14 6.25E-15 4.42E-16 2.84E-17 
   3.25  1.340  3.38E+01 3.04E+01 3.04E+01 2.73E+00 4.74E+00 5.61E+00 5.38E+00 4.40E+00 3.15E+00 1.99E+00 1.12E+00 5.68E-01 2.58E-01 1.05E-01 3.90E-02 1.30E-02 3.93E-03 1.07E-03 2.66E-04 5.98E-05 1.22E-05 2.25E-06 3.78E-07 5.76E-08 7.96E-09 1.00E-09 1.14E-10 1.18E-11 1.11E-12 9.55E-14 7.43E-15 5.25E-16 3.38E-17 
   3.50  1.509  4.48E+01 4.43E+01 4.43E+01 3.98E+00 6.91E+00 8.19E+00 7.85E+00 6.43E+00 4.59E+00 2.91E+00 1.64E+00 8.28E-01 3.76E-01 1.54E-01 5.68E-02 1.90E-02 5.73E-03 1.57E-03 3.88E-04 8.72E-05 1.78E-05 3.29E-06 5.51E-07 8.40E-08 1.16E-08 1.46E-09 1.67E-10 1.73E-11 1.63E-12 1.39E-13 1.08E-14 7.66E-16 4.93E-17 
   3.75  1.232  5.79E+01 5.21E+01 5.21E+01 4.68E+00 8.13E+00 9.64E+00 9.24E+00 7.56E+00 5.40E+00 3.42E+00 1.93E+00 9.74E-01 4.42E-01 1.81E-01 6.69E-02 2.23E-02 6.74E-03 1.84E-03 4.57E-04 1.03E-04 2.09E-05 3.87E-06 6.49E-07 9.88E-08 1.37E-08 1.72E-09 1.96E-10 2.03E-11 1.91E-12 1.64E-13 1.27E-14 9.02E-16 5.80E-17 
   4.00  1.559  7.34E+01 6.20E+01 6.20E+01 5.57E+00 9.67E+00 1.15E+01 1.10E+01 8.99E+00 6.43E+00 4.06E+00 2.29E+00 1.16E+00 5.26E-01 2.15E-01 7.95E-02 2.65E-02 8.02E-03 2.19E-03 5.43E-04 1.22E-04 2.49E-05 4.60E-06 7.71E-07 1.17E-07 1.62E-08 2.04E-09 2.33E-10 2.42E-11 2.28E-12 1.95E-13 1.52E-14 1.07E-15 6.89E-17 
   4.25  1.214  9.41E+01 8.30E+01 8.30E+01 7.45E+00 1.29E+01 1.53E+01 1.47E+01 1.20E+01 8.61E+00 5.44E+00 3.07E+00 1.55E+00 7.05E-01 2.88E-01 1.06E-01 3.56E-02 1.07E-02 2.94E-03 7.28E-04 1.63E-04 3.33E-05 6.16E-06 1.03E-06 1.57E-07 2.18E-08 2.73E-09 3.12E-10 3.23E-11 3.05E-12 2.61E-13 2.03E-14 1.44E-15 9.23E-17 
   4.50  0.949  1.21E+02 1.08E+02 1.08E+02 9.68E+00 1.68E+01 1.99E+01 1.91E+01 1.56E+01 1.12E+01 7.07E+00 3.99E+00 2.01E+00 9.15E-01 3.74E-01 1.38E-01 4.62E-02 1.39E-02 3.81E-03 9.45E-04 2.12E-04 4.33E-05 8.00E-06 1.34E-06 2.04E-07 2.83E-08 3.55E-09 4.05E-10 4.20E-11 3.96E-12 3.39E-13 2.64E-14 1.87E-15 1.20E-16 
   4.75  1.119  1.54E+02 1.32E+02 1.32E+02 1.18E+01 2.06E+01 2.44E+01 2.34E+01 1.91E+01 1.37E+01 8.65E+00 4.88E+00 2.46E+00 1.12E+00 4.58E-01 1.69E-01 5.65E-02 1.71E-02 4.66E-03 1.16E-03 2.60E-04 5.29E-05 9.78E-06 1.64E-06 2.50E-07 3.46E-08 4.34E-09 4.96E-10 5.14E-11 4.84E-12 4.14E-13 3.23E-14 2.28E-15 1.47E-16 
   5.00  1.283  1.93E+02 1.58E+02 1.58E+02 1.42E+01 2.46E+01 2.92E+01 2.80E+01 2.29E+01 1.64E+01 1.04E+01 5.84E+00 2.95E+00 1.34E+00 5.49E-01 2.03E-01 6.77E-02 2.04E-02 5.59E-03 1.38E-03 3.11E-04 6.34E-05 1.17E-05 1.97E-06 2.99E-07 4.14E-08 5.20E-09 5.94E-10 6.16E-11 5.80E-12 4.97E-13 3.86E-14 2.73E-15 1.76E-16 
   5.50  1.450  3.11E+02 2.35E+02 2.35E+02 2.11E+01 3.67E+01 4.35E+01 4.17E+01 3.41E+01 2.44E+01 1.54E+01 8.71E+00 4.40E+00 2.00E+00 8.17E-01 3.02E-01 1.01E-01 3.04E-02 8.33E-03 2.06E-03 4.63E-04 9.44E-05 1.75E-05 2.93E-06 4.46E-07 6.17E-08 7.75E-09 8.85E-10 9.17E-11 8.64E-12 7.40E-13 5.76E-14 4.07E-15 2.62E-16 
   6.00  1.090  4.97E+02 3.71E+02 3.71E+02 3.33E+01 5.79E+01 6.86E+01 6.58E+01 5.38E+01 3.85E+01 2.43E+01 1.37E+01 6.94E+00 3.15E+00 1.29E+00 4.76E-01 1.59E-01 4.80E-02 1.31E-02 3.25E-03 7.31E-04 1.49E-04 2.75E-05 4.62E-06 7.04E-07 9.73E-08 1.22E-08 1.40E-09 1.45E-10 1.36E-11 1.17E-12 9.08E-14 6.42E-15 4.13E-16 
   6.50  1.090  7.91E+02 5.89E+02 5.89E+02 5.29E+01 9.19E+01 1.09E+02 1.04E+02 8.54E+01 6.11E+01 3.86E+01 2.18E+01 1.10E+01 5.00E+00 2.05E+00 7.56E-01 2.52E-01 7.62E-02 2.08E-02 5.16E-03 1.16E-03 2.36E-04 4.37E-05 7.33E-06 1.12E-06 1.54E-07 1.94E-08 2.21E-09 2.30E-10 2.16E-11 1.85E-12 1.44E-13 1.02E-14 6.55E-16 
   7.00  1.090  1.26E+03 9.29E+02 9.29E+02 8.34E+01 1.45E+02 1.72E+02 1.65E+02 1.35E+02 9.63E+01 6.09E+01 3.44E+01 1.74E+01 7.89E+00 3.23E+00 1.19E+00 3.98E-01 1.20E-01 3.29E-02 8.14E-03 1.83E-03 3.73E-04 6.89E-05 1.16E-05 1.76E-06 2.44E-07 3.06E-08 3.49E-09 3.62E-10 3.41E-11 2.92E-12 2.27E-13 1.61E-14 1.03E-15 
   7.50  1.090  1.99E+03 1.47E+03 1.47E+03 1.32E+02 2.30E+02 2.73E+02 2.61E+02 2.14E+02 1.53E+02 9.67E+01 5.45E+01 2.76E+01 1.25E+01 5.12E+00 1.89E+00 6.31E-01 1.91E-01 5.22E-02 1.29E-02 2.90E-03 5.91E-04 1.09E-04 1.83E-05 2.79E-06 3.87E-07 4.86E-08 5.54E-09 5.74E-10 5.41E-11 4.63E-12 3.61E-13 2.55E-14 1.64E-15 
   8.00  1.090  3.15E+03 2.32E+03 2.32E+03 2.09E+02 3.63E+02 4.30E+02 4.12E+02 3.37E+02 2.41E+02 1.53E+02 8.60E+01 4.35E+01 1.97E+01 8.08E+00 2.98E+00 9.96E-01 3.01E-01 8.23E-02 2.04E-02 4.58E-03 9.33E-04 1.72E-04 2.89E-05 4.41E-06 6.10E-07 7.66E-08 8.74E-09 9.06E-10 8.54E-11 7.31E-12 5.69E-13 4.02E-14 2.59E-15 
   8.50  1.090  5.00E+03 3.69E+03 3.69E+03 3.31E+02 5.75E+02 6.82E+02 6.54E+02 5.35E+02 3.83E+02 2.42E+02 1.36E+02 6.90E+01 3.13E+01 1.28E+01 4.73E+00 1.58E+00 4.77E-01 1.31E-01 3.23E-02 7.27E-03 1.48E-03 2.74E-04 4.59E-05 6.99E-06 9.67E-07 1.22E-07 1.39E-08 1.44E-09 1.35E-10 1.16E-11 9.03E-13 6.38E-14 4.10E-15 
   9.00  1.090  7.91E+03 5.82E+03 5.82E+03 5.23E+02 9.08E+02 1.08E+03 1.03E+03 8.44E+02 6.03E+02 3.82E+02 2.15E+02 1.09E+02 4.94E+01 2.02E+01 7.47E+00 2.49E+00 7.53E-01 2.06E-01 5.10E-02 1.15E-02 2.34E-03 4.32E-04 7.24E-05 1.10E-05 1.53E-06 1.92E-07 2.19E-08 2.27E-09 2.14E-10 1.83E-11 1.42E-12 1.01E-13 6.47E-15 
   9.50  1.090  1.25E+04 9.23E+03 9.23E+03 8.29E+02 1.44E+03 1.71E+03 1.64E+03 1.34E+03 9.58E+02 6.06E+02 3.42E+02 1.73E+02 7.84E+01 3.21E+01 1.18E+01 3.96E+00 1.19E+00 3.27E-01 8.10E-02 1.82E-02 3.71E-03 6.85E-04 1.15E-04 1.75E-05 2.42E-06 3.04E-07 3.47E-08 3.60E-09 3.39E-10 2.90E-11 2.26E-12 1.60E-13 1.03E-14 
  10.00  1.090  1.98E+04 1.46E+04 1.46E+04 1.31E+03 2.27E+03 2.69E+03 2.58E+03 2.11E+03 1.51E+03 9.55E+02 5.39E+02 2.72E+02 1.24E+02 5.06E+01 1.87E+01 6.24E+00 1.88E+00 5.15E-01 1.28E-01 2.87E-02 5.84E-03 1.08E-03 1.81E-04 2.76E-05 3.82E-06 4.80E-07 5.48E-08 5.68E-09 5.35E-10 4.58E-11 3.56E-12 2.52E-13 1.62E-14 
  11.00  1.090  5.62E+04 3.64E+04 3.64E+04 3.27E+03 5.69E+03 6.74E+03 6.46E+03 5.29E+03 3.78E+03 2.39E+03 1.35E+03 6.81E+02 3.09E+02 1.27E+02 4.68E+01 1.56E+01 4.72E+00 1.29E+00 3.20E-01 7.18E-02 1.46E-02 2.70E-03 4.54E-04 6.91E-05 9.56E-06 1.20E-06 1.37E-07 1.42E-08 1.34E-09 1.15E-10 8.92E-12 6.31E-13 4.06E-14 
  12.00  1.090  1.47E+05 9.12E+04 9.12E+04 8.20E+03 1.42E+04 1.69E+04 1.62E+04 1.32E+04 9.46E+03 5.99E+03 3.38E+03 1.71E+03 7.75E+02 3.17E+02 1.17E+02 3.91E+01 1.18E+01 3.23E+00 8.00E-01 1.80E-01 3.66E-02 6.77E-03 1.14E-03 1.73E-04 2.39E-05 3.01E-06 3.43E-07 3.56E-08 3.35E-09 2.87E-10 2.23E-11 1.58E-12 1.02E-13 
  13.00  1.090  3.76E+05 2.28E+05 2.28E+05 2.05E+04 3.56E+04 4.22E+04 4.05E+04 3.31E+04 2.37E+04 1.50E+04 8.45E+03 4.27E+03 1.94E+03 7.93E+02 2.93E+02 9.78E+01 2.95E+01 8.08E+00 2.00E+00 4.50E-01 9.16E-02 1.69E-02 2.84E-03 4.33E-04 5.99E-05 7.52E-06 8.58E-07 8.90E-08 8.38E-09 7.18E-10 5.59E-11 3.95E-12 2.54E-13 
  14.00  1.090  9.47E+05 5.71E+05 5.71E+05 5.13E+04 8.91E+04 1.06E+05 1.01E+05 8.29E+04 5.93E+04 3.75E+04 2.11E+04 1.07E+04 4.85E+03 1.99E+03 7.33E+02 2.45E+02 7.39E+01 2.02E+01 5.01E+00 1.13E+00 2.29E-01 4.24E-02 7.11E-03 1.08E-03 1.50E-04 1.88E-05 2.15E-06 2.23E-07 2.10E-08 1.80E-09 1.40E-10 9.89E-12 6.36E-13 
  15.00  1.090  2.38E+06 1.43E+06 1.43E+06 1.28E+05 2.23E+05 2.64E+05 2.54E+05 2.08E+05 1.48E+05 9.38E+04 5.29E+04 2.67E+04 1.21E+04 4.97E+03 1.84E+03 6.13E+02 1.85E+02 5.06E+01 1.25E+01 2.82E+00 5.74E-01 1.06E-01 1.78E-02 2.71E-03 3.75E-04 4.71E-05 5.38E-06 5.58E-07 5.25E-08 4.50E-09 3.50E-10 2.48E-11 1.59E-12 
  16.00  1.090  5.96E+06 3.58E+06 3.58E+06 3.22E+05 5.58E+05 6.62E+05 6.35E+05 5.19E+05 3.71E+05 2.35E+05 1.32E+05 6.69E+04 3.04E+04 1.24E+04 4.59E+03 1.53E+03 4.63E+02 1.27E+02 3.14E+01 7.05E+00 1.44E+00 2.66E-01 4.46E-02 6.79E-03 9.39E-04 1.18E-04 1.35E-05 1.40E-06 1.31E-07 1.13E-08 8.76E-10 6.20E-11 3.98E-12 
  17.00  1.090  1.49E+07 8.96E+06 8.96E+06 8.05E+05 1.40E+06 1.66E+06 1.59E+06 1.30E+06 9.29E+05 5.88E+05 3.32E+05 1.67E+05 7.61E+04 3.11E+04 1.15E+04 3.84E+03 1.16E+03 3.17E+02 7.86E+01 1.76E+01 3.60E+00 6.65E-01 1.12E-01 1.70E-02 2.35E-03 2.95E-04 3.37E-05 3.49E-06 3.29E-07 2.82E-08 2.19E-09 1.55E-10 9.97E-12 
  18.00  1.090  3.73E+07 2.24E+07 2.24E+07 2.01E+06 3.50E+06 4.15E+06 3.98E+06 3.25E+06 2.33E+06 1.47E+06 8.30E+05 4.19E+05 1.90E+05 7.79E+04 2.88E+04 9.61E+03 2.90E+03 7.94E+02 1.97E+02 4.42E+01 9.00E+00 1.66E+00 2.79E-01 4.25E-02 5.88E-03 7.39E-04 8.43E-05 8.74E-06 8.24E-07 7.05E-08 5.49E-09 3.88E-10 2.50E-11 
  19.00  1.090  9.35E+07 5.61E+07 5.61E+07 5.04E+06 8.76E+06 1.04E+07 9.95E+06 8.14E+06 5.82E+06 3.68E+06 2.08E+06 1.05E+06 4.77E+05 1.95E+05 7.20E+04 2.40E+04 7.26E+03 1.99E+03 4.92E+02 1.11E+02 2.25E+01 4.16E+00 6.99E-01 1.06E-01 1.47E-02 1.85E-03 2.11E-04 2.19E-05 2.06E-06 1.76E-07 1.37E-08 9.71E-10 6.25E-11 
  20.00  1.090  2.34E+08 1.40E+08 1.40E+08 1.26E+07 2.19E+07 2.60E+07 2.49E+07 2.04E+07 1.46E+07 9.22E+06 5.20E+06 2.63E+06 1.19E+06 4.88E+05 1.80E+05 6.02E+04 1.82E+04 4.97E+03 1.23E+03 2.77E+02 5.64E+01 1.04E+01 1.75E+00 2.66E-01 3.68E-02 4.63E-03 5.28E-04 5.48E-05 5.16E-06 4.42E-07 3.44E-08 2.43E-09 1.56E-10 
  22.50  1.090  3.72E+09 1.40E+09 1.40E+09 1.25E+08 2.18E+08 2.58E+08 2.48E+08 2.03E+08 1.45E+08 9.16E+07 5.17E+07 2.61E+07 1.19E+07 4.85E+06 1.79E+06 5.98E+05 1.81E+05 4.94E+04 1.22E+04 2.75E+03 5.60E+02 1.04E+02 1.74E+01 2.65E+00 3.66E-01 4.60E-02 5.25E-03 5.44E-04 5.13E-05 4.39E-06 3.42E-07 2.42E-08 1.55E-09 
  25.00  1.090  3.82E+10 1.38E+10 1.38E+10 1.24E+09 2.15E+09 2.55E+09 2.45E+09 2.00E+09 1.43E+09 9.05E+08 5.10E+08 2.58E+08 1.17E+08 4.79E+07 1.77E+07 5.91E+06 1.79E+06 4.88E+05 1.21E+05 2.72E+04 5.54E+03 1.02E+03 1.72E+02 2.62E+01 3.62E+00 4.55E-01 5.19E-02 5.38E-03 5.07E-04 4.34E-05 3.38E-06 2.39E-07 1.54E-08 
  30.00  1.090  6.81E+12 1.35E+12 1.35E+12 1.22E+11 2.11E+11 2.51E+11 2.40E+11 1.97E+11 1.41E+11 8.89E+10 5.01E+10 2.53E+10 1.15E+10 4.71E+09 1.74E+09 5.81E+08 1.75E+08 4.79E+07 1.19E+07 2.67E+06 5.44E+05 1.01E+05 1.69E+04 2.57E+03 3.55E+02 4.46E+01 5.09E+00 5.28E-01 4.98E-02 4.26E-03 3.32E-04 2.34E-05 1.51E-06 
  40.00  1.090  1.31E+17 1.31E+16 1.31E+16 1.17E+15 2.04E+15 2.42E+15 2.32E+15 1.90E+15 1.36E+15 8.58E+14 4.84E+14 2.44E+14 1.11E+14 4.54E+13 1.68E+13 5.60E+12 1.69E+12 4.63E+11 1.15E+11 2.57E+10 5.25E+09 9.70E+08 1.63E+08 2.48E+07 3.43E+06 4.31E+05 4.91E+04 5.10E+03 4.80E+02 4.11E+01 3.20E+00 2.26E-01 1.45E-02 
  50.00  1.090  1.26E+21 1.26E+20 1.26E+20 1.13E+19 1.97E+19 2.33E+19 2.24E+19 1.83E+19 1.31E+19 8.27E+18 4.67E+18 2.36E+18 1.07E+18 4.38E+17 1.62E+17 5.40E+16 1.63E+16 4.46E+15 1.11E+15 2.48E+14 5.06E+13 9.35E+12 1.57E+12 2.39E+11 3.31E+10 4.15E+09 4.74E+08 4.91E+07 4.63E+06 3.96E+05 3.08E+04 2.18E+03 1.40E+02 
  60.00  1.090  1.22E+25 1.22E+24 1.22E+24 1.09E+23 1.90E+23 2.25E+23 2.16E+23 1.76E+23 1.26E+23 7.98E+22 4.50E+22 2.27E+22 1.03E+22 4.23E+21 1.56E+21 5.21E+20 1.57E+20 4.30E+19 1.07E+19 2.40E+18 4.88E+17 9.02E+16 1.51E+16 2.31E+15 3.19E+14 4.01E+13 4.57E+12 4.74E+11 4.47E+10 3.82E+09 2.98E+08 2.10E+07 1.35E+06 
  70.00  1.090  1.17E+29 1.17E+28 1.17E+28 1.05E+27 1.83E+27 2.17E+27 2.08E+27 1.70E+27 1.22E+27 7.70E+26 4.34E+26 2.19E+26 9.96E+25 4.08E+25 1.51E+25 5.03E+24 1.52E+24 4.15E+23 1.03E+23 2.31E+22 4.71E+21 8.70E+20 1.46E+20 2.22E+19 3.08E+18 3.87E+17 4.41E+16 4.57E+15 4.31E+14 3.69E+13 2.87E+12 2.03E+11 1.31E+10 
