0
475.05
970.07
1310.49
1394.29
1660.42
1732.58
1904.2
1932.52
1942.56
2088.89
2203.41
2295.22
2336.39
2358.13
2399.35
2472.49
2583.77
2584.6
2611.99
2627.12
2684.03
2720.34
2728.21
2792.56
2840.53
2857.1
2924.2
2932.56
3001.67
3015.73
3019.3
3042
3065.57
3092.1
3260.42
3277.1
3323.1
3358.2
3364
3372.9
3411.7
3430.3
3437.1
3454.4
3521.2
3548.78
3578
3591
3612.6
3647
3653.3
3660
3686
3706.1
3730.1
3739.5
3748
3780.6
3790.2
3820
3853.5
3863
3942.54
3944
3947
3967
3970.8
3980.6
4008
4041
4052.45
4060
4081.34
4085
4132.8
4232
4260
4287.7
4296.1
4333
4357
4380.4
4386
4423
4463
4466.2
4470
4484
4516
4560
4590.61
4598
4603
4665
4702
4756
4817
4819.57
4845
4859
4879
4909
4943
4990.65
5015
5063
5072
5101
5119.96
5126.3
5135.6
5153
5251.7
5278
5302
5431
5464.4
5513.7
5532.03
5579.9
5580
5680.8
5702.34
5729.5
5732
5748.75
5788
5812.6
5849.8
5853.3
5856.3
5860.6
5913.9
5917
5948.3
5960.2
5972.4
5977.8
5987.4
6019.1
6026.6
6055.95
6084
6091.9
6098.3
6101.7
6109.6
6123.9
6125.3
6150.1
6158.8
6192.8
6207.9
6227.1
6237.4
6241.4
6259.1
6266.9
6290.5
6294.5
6304.3
6313.6
6340.7
6351.1
6362
6372.7
6378.5
6393.4
6412.5
6418.2
6420
6422.3
6429.6
6441.6
6446.1
6451.8
6457
6457.6
6466.4
6470.5
6485.6
6493.1
6505.6
6509.3
6528.5
6535.1
6541.1
6554.1
6564.6
6572.2
6584.3
6585.2
6590.7
6605
6619.5
6627.2
6629.8
6645.1
6678.4
6681.2
6693.8
6699
6706.5
6712.4
6725.7
6739
6744.7
6762.7
6784.6
6799
6802.3
6804
6814.1
6822.1
6847.8
6868.4
6889.5
6912.5
6915
6937.4
6940.3
6953.4
6972
6991.8
6997.3
7011.2
7016.3
7025.9
7039
7043.8
7054.7
7060
7084.2
7090.5
7107.3
7113.7
7120.8
7124.4
7130
7159
7192
7197.3
7201.3
7214.3
7223.2
7241.6
7262.9
7274
7283.2
7306.02
7313.3
7316.3
7319.2
7329.1
7370
7378.3
7387.1
7401
7414.6
7428.4
7430.4
7438.2
7455.2
7474.6
7485.5
7489.4
7497.3
7510
7519.9
7525.8
7535.4
7541.5
7549.4
7554.3
7556.3
7560.2
7569
7572
7578.9
7581.8
7583.8
7588.7
7606.5
7608.4
7620
7631
7636.9
7638.9
7643
7645.8
7647.7
7657.6
7662.5
7672.3
7681.2
7702.1
7702.7
7705.3
7722.5
7728.7
7743.9
7746
7762
7767.4
7781.9
7785.1
7805.8
7806.7
7837.5
7842.6
7847.1
7849.5
7855
7858.6
7886.2
7894.1
7896.4
7919.2
7921.1
7931.2
7937
7943.6
7946.9
7950.9
7962.4
7970.2
7971.9
7987.5
7996.9
8006.1
8015.3
8016.3
8019.8
8023.3
8028.3
8030.3
8031.6
8043.1
8054.8
8057.3
8067.9
8075.4
8076.3
8086.6
8090.2
8096.8
8101.8
8103.1
8108.6
8113.1
8118.5
8120.7
8121.7
8122.5
8127.7
8131.9
8139.5
8139.6
8148.9
8151.5
8156.1
8162
8164.9
8167.8
8168.7
8170
8171.2
8173.6
8175.3
8177.9
8181.2
8187.5
8194.4
8212.1
8222.4
8250.3
8272.4
8290.1
8307.6
8333.8
8358.1
8361
8364.6
8415.3
8426.8
8431.4
8436.4
8440
8442.8
8446
8447.1
8448.2
8448.3
8449.2
8454.5
8455.6
8458.6
8460.1
8464.4
8465.9
8466
8468.7
8469.5
8473.1
8476.3
8477.9
8478.3
8481.5
8481.7
8483.5
8485
8488
8489.9
8492.4
8497.8
8499.9
8503.7
8507.3
8508.1
8509.9
8515.4
8522.6
8561
8591
8625.4
8631.1
8670
8678.7
8692.5
8731.6
8734.3
8742.7
8789
8885.1
9138.8
9142
9287.1
9408.1
9474.4
9643.9
9692.7
9725.1
9789.9
9957.5
9963
10342.4
10347.2
10409.5
10462.7
10671.9
10687.7
10906.6
11019
11132.9
11144
11237
11255
11301.6
11303.2
11369.5
11449
11752.7
11768
11775.8
11798
11822
11831
11852
11881
11902
11919
11935
11946
11969
11994
12003.7
12054
12084
12086.6
12090
12102
12121
12148
12166
12189
12215
12253
12273
12303
12314
12355.5
12356
12394
12409
12452
12478
12494
12506
12520
12793.5
12839.2
12847.3
13146
13206
13284.5
13419.7
13678
13823
13874.2
13983.5
14020.6
14023.8
14068
14163
14563
14587.1
14628.1
14800.4
15201.7
15232
15311
15434.6
15524
15742.3
16302.2
16571.2
16588
16615
16921
17039
17067
17310.6
17431
17618
17750
18353
18857.3
18995
19134
19472
19562
19878
19970
20285
20550.6
20723
20913.2
21536
21839
22212
22284
22718
22984
23376
23418
23662
24337
24612
25121
25325
26577
26842
26928
27023
27525
28885

