   0.25  0.567  6.19E-01 2.48E+00 2.48E+00 2.27E-01 3.92E-01 4.63E-01 4.41E-01 3.58E-01 2.54E-01 1.59E-01 8.82E-02 4.39E-02 1.96E-02 7.88E-03 2.85E-03 9.31E-04 2.74E-04 7.31E-05 1.76E-05 3.85E-06 7.60E-07 1.36E-07 2.20E-08 3.23E-09 4.31E-10 5.20E-11 5.69E-12 5.64E-13 5.08E-14 4.15E-15 3.08E-16 2.07E-17 1.26E-18 
   0.50  0.167  2.74E+00 8.47E+00 8.47E+00 7.75E-01 1.34E+00 1.58E+00 1.51E+00 1.22E+00 8.67E-01 5.42E-01 3.02E-01 1.50E-01 6.70E-02 2.69E-02 9.74E-03 3.18E-03 9.38E-04 2.50E-04 6.03E-05 1.31E-05 2.60E-06 4.64E-07 7.53E-08 1.11E-08 1.47E-09 1.78E-10 1.94E-11 1.93E-12 1.74E-13 1.42E-14 1.05E-15 7.07E-17 4.31E-18 
   0.75  0.227  3.27E+00 2.12E+00 2.12E+00 1.94E-01 3.36E-01 3.97E-01 3.78E-01 3.07E-01 2.17E-01 1.36E-01 7.56E-02 3.76E-02 1.68E-02 6.75E-03 2.44E-03 7.97E-04 2.35E-04 6.26E-05 1.51E-05 3.29E-06 6.51E-07 1.16E-07 1.89E-08 2.77E-09 3.69E-10 4.45E-11 4.87E-12 4.84E-13 4.35E-14 3.56E-15 2.63E-16 1.77E-17 1.08E-18 
   1.00  0.137  3.40E+00 5.48E-01 5.48E-01 5.01E-02 8.68E-02 1.02E-01 9.77E-02 7.93E-02 5.61E-02 3.51E-02 1.95E-02 9.72E-03 4.34E-03 1.74E-03 6.31E-04 2.06E-04 6.07E-05 1.62E-05 3.90E-06 8.51E-07 1.68E-07 3.01E-08 4.87E-09 7.16E-10 9.53E-11 1.15E-11 1.26E-12 1.25E-13 1.12E-14 9.19E-16 6.81E-17 4.58E-18 2.79E-19 
   1.25  0.170  4.45E+00 4.18E+00 4.18E+00 3.82E-01 6.62E-01 7.81E-01 7.44E-01 6.04E-01 4.28E-01 2.67E-01 1.49E-01 7.40E-02 3.31E-02 1.33E-02 4.81E-03 1.57E-03 4.63E-04 1.23E-04 2.97E-05 6.48E-06 1.28E-06 2.29E-07 3.71E-08 5.45E-09 7.26E-10 8.76E-11 9.59E-12 9.52E-13 8.57E-14 7.00E-15 5.19E-16 3.49E-17 2.13E-18 
   1.50  0.143  6.68E+00 8.91E+00 8.91E+00 8.15E-01 1.41E+00 1.67E+00 1.59E+00 1.29E+00 9.12E-01 5.71E-01 3.17E-01 1.58E-01 7.06E-02 2.83E-02 1.03E-02 3.35E-03 9.87E-04 2.63E-04 6.34E-05 1.38E-05 2.73E-06 4.89E-07 7.92E-08 1.16E-08 1.55E-09 1.87E-10 2.05E-11 2.03E-12 1.83E-13 1.49E-14 1.11E-15 7.44E-17 4.54E-18 
   1.75  0.084  8.84E+00 8.65E+00 8.65E+00 7.91E-01 1.37E+00 1.62E+00 1.54E+00 1.25E+00 8.86E-01 5.54E-01 3.08E-01 1.53E-01 6.85E-02 2.75E-02 9.95E-03 3.25E-03 9.58E-04 2.55E-04 6.16E-05 1.34E-05 2.65E-06 4.74E-07 7.69E-08 1.13E-08 1.50E-09 1.81E-10 1.99E-11 1.97E-12 1.77E-13 1.45E-14 1.07E-15 7.22E-17 4.41E-18 
   2.00  0.677  1.21E+01 1.30E+01 1.30E+01 1.19E+00 2.06E+00 2.43E+00 2.32E+00 1.88E+00 1.33E+00 8.32E-01 4.63E-01 2.30E-01 1.03E-01 4.13E-02 1.50E-02 4.88E-03 1.44E-03 3.84E-04 9.25E-05 2.02E-05 3.99E-06 7.13E-07 1.16E-07 1.70E-08 2.26E-09 2.73E-10 2.98E-11 2.96E-12 2.67E-13 2.18E-14 1.61E-15 1.09E-16 6.62E-18 
   2.25  0.842  1.44E+01 9.09E+00 9.09E+00 8.31E-01 1.44E+00 1.70E+00 1.62E+00 1.31E+00 9.30E-01 5.82E-01 3.24E-01 1.61E-01 7.19E-02 2.89E-02 1.05E-02 3.41E-03 1.01E-03 2.68E-04 6.47E-05 1.41E-05 2.79E-06 4.98E-07 8.08E-08 1.19E-08 1.58E-09 1.91E-10 2.09E-11 2.07E-12 1.86E-13 1.52E-14 1.13E-15 7.59E-17 4.63E-18 
   2.50  0.830  1.77E+01 1.32E+01 1.32E+01 1.21E+00 2.10E+00 2.47E+00 2.36E+00 1.91E+00 1.35E+00 8.47E-01 4.71E-01 2.34E-01 1.05E-01 4.21E-02 1.52E-02 4.97E-03 1.46E-03 3.90E-04 9.41E-05 2.05E-05 4.05E-06 7.25E-07 1.18E-07 1.73E-08 2.30E-09 2.77E-10 3.04E-11 3.01E-12 2.71E-13 2.22E-14 1.64E-15 1.10E-16 6.74E-18 
   2.75  0.554  2.13E+01 1.46E+01 1.46E+01 1.34E+00 2.32E+00 2.73E+00 2.61E+00 2.11E+00 1.50E+00 9.36E-01 5.21E-01 2.59E-01 1.16E-01 4.65E-02 1.68E-02 5.49E-03 1.62E-03 4.32E-04 1.04E-04 2.27E-05 4.48E-06 8.02E-07 1.30E-07 1.91E-08 2.54E-09 3.07E-10 3.36E-11 3.33E-12 3.00E-13 2.45E-14 1.82E-15 1.22E-16 7.45E-18 
   3.00  0.720  2.64E+01 2.03E+01 2.03E+01 1.86E+00 3.21E+00 3.79E+00 3.61E+00 2.93E+00 2.08E+00 1.30E+00 7.23E-01 3.60E-01 1.61E-01 6.45E-02 2.33E-02 7.62E-03 2.25E-03 5.99E-04 1.44E-04 3.15E-05 6.22E-06 1.11E-06 1.80E-07 2.65E-08 3.53E-09 4.26E-10 4.66E-11 4.62E-12 4.16E-13 3.40E-14 2.52E-15 1.69E-16 1.03E-17 
   3.25  0.781  3.11E+01 1.89E+01 1.89E+01 1.73E+00 3.00E+00 3.54E+00 3.37E+00 2.74E+00 1.94E+00 1.21E+00 6.74E-01 3.36E-01 1.50E-01 6.02E-02 2.18E-02 7.11E-03 2.10E-03 5.59E-04 1.35E-04 2.94E-05 5.80E-06 1.04E-06 1.68E-07 2.47E-08 3.29E-09 3.97E-10 4.35E-11 4.31E-12 3.88E-13 3.17E-14 2.35E-15 1.58E-16 9.64E-18 
   3.50  0.703  3.72E+01 2.44E+01 2.44E+01 2.24E+00 3.87E+00 4.57E+00 4.36E+00 3.54E+00 2.50E+00 1.56E+00 8.71E-01 4.33E-01 1.94E-01 7.77E-02 2.81E-02 9.18E-03 2.71E-03 7.22E-04 1.74E-04 3.80E-05 7.50E-06 1.34E-06 2.17E-07 3.19E-08 4.25E-09 5.13E-10 5.61E-11 5.57E-12 5.02E-13 4.10E-14 3.04E-15 2.04E-16 1.25E-17 
   3.75  1.522  4.43E+01 2.81E+01 2.81E+01 2.57E+00 4.45E+00 5.25E+00 5.00E+00 4.06E+00 2.87E+00 1.80E+00 1.00E+00 4.98E-01 2.22E-01 8.92E-02 3.23E-02 1.05E-02 3.11E-03 8.29E-04 2.00E-04 4.36E-05 8.60E-06 1.54E-06 2.49E-07 3.66E-08 4.88E-09 5.89E-10 6.44E-11 6.39E-12 5.76E-13 4.70E-14 3.48E-15 2.34E-16 1.43E-17 
   4.00  1.700  5.29E+01 3.47E+01 3.47E+01 3.17E+00 5.50E+00 6.49E+00 6.18E+00 5.02E+00 3.55E+00 2.22E+00 1.24E+00 6.15E-01 2.75E-01 1.10E-01 3.99E-02 1.30E-02 3.84E-03 1.02E-03 2.47E-04 5.39E-05 1.06E-05 1.90E-06 3.08E-07 4.53E-08 6.03E-09 7.28E-10 7.97E-11 7.91E-12 7.12E-13 5.82E-14 4.31E-15 2.90E-16 1.77E-17 
   4.25  1.005  6.48E+01 4.76E+01 4.76E+01 4.35E+00 7.54E+00 8.90E+00 8.48E+00 6.88E+00 4.87E+00 3.05E+00 1.70E+00 8.44E-01 3.77E-01 1.51E-01 5.48E-02 1.79E-02 5.27E-03 1.40E-03 3.39E-04 7.39E-05 1.46E-05 2.61E-06 4.23E-07 6.21E-08 8.27E-09 9.98E-10 1.09E-10 1.08E-11 9.76E-13 7.97E-14 5.91E-15 3.97E-16 2.42E-17 
   4.50  0.981  7.98E+01 6.00E+01 6.00E+01 5.49E+00 9.50E+00 1.12E+01 1.07E+01 8.68E+00 6.14E+00 3.84E+00 2.14E+00 1.06E+00 4.75E-01 1.91E-01 6.90E-02 2.25E-02 6.65E-03 1.77E-03 4.27E-04 9.31E-05 1.84E-05 3.29E-06 5.33E-07 7.83E-08 1.04E-08 1.26E-09 1.38E-10 1.37E-11 1.23E-12 1.01E-13 7.45E-15 5.01E-16 3.06E-17 
   4.75  1.119  9.86E+01 7.49E+01 7.49E+01 6.85E+00 1.19E+01 1.40E+01 1.33E+01 1.08E+01 7.67E+00 4.79E+00 2.67E+00 1.33E+00 5.93E-01 2.38E-01 8.62E-02 2.81E-02 8.30E-03 2.21E-03 5.33E-04 1.16E-04 2.30E-05 4.11E-06 6.66E-07 9.78E-08 1.30E-08 1.57E-09 1.72E-10 1.71E-11 1.54E-12 1.25E-13 9.30E-15 6.25E-16 3.81E-17 
   5.00  1.162  1.22E+02 9.25E+01 9.25E+01 8.46E+00 1.46E+01 1.73E+01 1.65E+01 1.34E+01 9.46E+00 5.92E+00 3.29E+00 1.64E+00 7.32E-01 2.94E-01 1.06E-01 3.47E-02 1.02E-02 2.73E-03 6.58E-04 1.44E-04 2.83E-05 5.07E-06 8.22E-07 1.21E-07 1.61E-08 1.94E-09 2.12E-10 2.11E-11 1.90E-12 1.55E-13 1.15E-14 7.72E-16 4.71E-17 
   5.50  1.166  1.95E+02 1.47E+02 1.47E+02 1.34E+01 2.32E+01 2.74E+01 2.61E+01 2.12E+01 1.50E+01 9.39E+00 5.23E+00 2.60E+00 1.16E+00 4.67E-01 1.69E-01 5.51E-02 1.63E-02 4.33E-03 1.04E-03 2.28E-04 4.50E-05 8.05E-06 1.30E-06 1.92E-07 2.55E-08 3.08E-09 3.37E-10 3.34E-11 3.01E-12 2.46E-13 1.82E-14 1.23E-15 7.47E-17 
   6.00  1.064  3.09E+02 2.29E+02 2.29E+02 2.09E+01 3.62E+01 4.27E+01 4.07E+01 3.31E+01 2.34E+01 1.46E+01 8.14E+00 4.05E+00 1.81E+00 7.27E-01 2.63E-01 8.59E-02 2.53E-02 6.75E-03 1.63E-03 3.55E-04 7.01E-05 1.25E-05 2.03E-06 2.98E-07 3.97E-08 4.79E-09 5.25E-10 5.21E-11 4.69E-12 3.83E-13 2.84E-14 1.91E-15 1.16E-16 
   6.50  1.171  4.95E+02 3.71E+02 3.71E+02 3.39E+01 5.88E+01 6.93E+01 6.61E+01 5.36E+01 3.80E+01 2.37E+01 1.32E+01 6.58E+00 2.94E+00 1.18E+00 4.27E-01 1.39E-01 4.11E-02 1.09E-02 2.64E-03 5.76E-04 1.14E-04 2.03E-05 3.30E-06 4.84E-07 6.45E-08 7.78E-09 8.51E-10 8.45E-11 7.61E-12 6.21E-13 4.61E-14 3.10E-15 1.89E-16 
   7.00  0.937  7.95E+02 6.01E+02 6.01E+02 5.49E+01 9.51E+01 1.12E+02 1.07E+02 8.68E+01 6.15E+01 3.84E+01 2.14E+01 1.06E+01 4.75E+00 1.91E+00 6.91E-01 2.26E-01 6.65E-02 1.77E-02 4.27E-03 9.32E-04 1.84E-04 3.29E-05 5.34E-06 7.84E-07 1.04E-07 1.26E-08 1.38E-09 1.37E-10 1.23E-11 1.01E-12 7.46E-14 5.01E-15 3.06E-16 
   7.50  1.195  1.25E+03 9.13E+02 9.13E+02 8.35E+01 1.45E+02 1.71E+02 1.63E+02 1.32E+02 9.34E+01 5.84E+01 3.25E+01 1.62E+01 7.23E+00 2.90E+00 1.05E+00 3.43E-01 1.01E-01 2.69E-02 6.50E-03 1.42E-03 2.80E-04 5.01E-05 8.11E-06 1.19E-06 1.59E-07 1.91E-08 2.10E-09 2.08E-10 1.87E-11 1.53E-12 1.13E-13 7.62E-15 4.65E-16 
   8.00  1.195  1.95E+03 1.39E+03 1.39E+03 1.27E+02 2.20E+02 2.59E+02 2.47E+02 2.01E+02 1.42E+02 8.88E+01 4.94E+01 2.46E+01 1.10E+01 4.41E+00 1.60E+00 5.21E-01 1.54E-01 4.10E-02 9.87E-03 2.15E-03 4.25E-04 7.61E-05 1.23E-05 1.81E-06 2.41E-07 2.91E-08 3.18E-09 3.16E-10 2.85E-11 2.32E-12 1.72E-13 1.16E-14 7.07E-16 
   8.50  1.195  3.00E+03 2.11E+03 2.11E+03 1.93E+02 3.34E+02 3.94E+02 3.75E+02 3.05E+02 2.16E+02 1.35E+02 7.51E+01 3.74E+01 1.67E+01 6.70E+00 2.42E+00 7.92E-01 2.33E-01 6.22E-02 1.50E-02 3.27E-03 6.46E-04 1.16E-04 1.87E-05 2.75E-06 3.66E-07 4.42E-08 4.84E-09 4.80E-10 4.32E-11 3.53E-12 2.62E-13 1.76E-14 1.07E-15 
   9.00  1.195  4.60E+03 3.20E+03 3.20E+03 2.93E+02 5.07E+02 5.98E+02 5.70E+02 4.63E+02 3.28E+02 2.05E+02 1.14E+02 5.67E+01 2.53E+01 1.02E+01 3.68E+00 1.20E+00 3.55E-01 9.45E-02 2.28E-02 4.97E-03 9.81E-04 1.76E-04 2.84E-05 4.18E-06 5.56E-07 6.71E-08 7.35E-09 7.29E-10 6.57E-11 5.36E-12 3.97E-13 2.67E-14 1.63E-15 
   9.50  1.195  7.03E+03 4.86E+03 4.86E+03 4.45E+02 7.70E+02 9.09E+02 8.66E+02 7.03E+02 4.98E+02 3.11E+02 1.73E+02 8.62E+01 3.85E+01 1.55E+01 5.59E+00 1.83E+00 5.38E-01 1.43E-01 3.46E-02 7.54E-03 1.49E-03 2.67E-04 4.32E-05 6.34E-06 8.45E-07 1.02E-07 1.12E-08 1.11E-09 9.97E-11 8.14E-12 6.03E-13 4.06E-14 2.48E-15 
  10.00  1.195  1.07E+04 7.38E+03 7.38E+03 6.75E+02 1.17E+03 1.38E+03 1.31E+03 1.07E+03 7.56E+02 4.72E+02 2.63E+02 1.31E+02 5.84E+01 2.35E+01 8.49E+00 2.77E+00 8.18E-01 2.18E-01 5.25E-02 1.15E-02 2.26E-03 4.05E-04 6.56E-05 9.64E-06 1.28E-06 1.55E-07 1.69E-08 1.68E-09 1.51E-10 1.24E-11 9.16E-13 6.16E-14 3.76E-15 
  11.00  1.195  2.78E+04 1.71E+04 1.71E+04 1.56E+03 2.70E+03 3.19E+03 3.04E+03 2.47E+03 1.75E+03 1.09E+03 6.08E+02 3.03E+02 1.35E+02 5.43E+01 1.96E+01 6.41E+00 1.89E+00 5.04E-01 1.21E-01 2.65E-02 5.23E-03 9.36E-04 1.52E-04 2.23E-05 2.97E-06 3.58E-07 3.92E-08 3.89E-09 3.50E-10 2.86E-11 2.12E-12 1.43E-13 8.69E-15 
  12.00  1.195  6.72E+04 3.94E+04 3.94E+04 3.61E+03 6.25E+03 7.37E+03 7.02E+03 5.70E+03 4.04E+03 2.52E+03 1.40E+03 6.99E+02 3.12E+02 1.25E+02 4.54E+01 1.48E+01 4.37E+00 1.16E+00 2.81E-01 6.12E-02 1.21E-02 2.16E-03 3.50E-04 5.15E-05 6.85E-06 8.27E-07 9.05E-08 8.98E-09 8.09E-10 6.61E-11 4.90E-12 3.29E-13 2.01E-14 
  13.00  1.195  1.58E+05 9.10E+04 9.10E+04 8.32E+03 1.44E+04 1.70E+04 1.62E+04 1.32E+04 9.31E+03 5.82E+03 3.24E+03 1.61E+03 7.20E+02 2.89E+02 1.05E+02 3.42E+01 1.01E+01 2.69E+00 6.47E-01 1.41E-01 2.79E-02 4.99E-03 8.09E-04 1.19E-04 1.58E-05 1.91E-06 2.09E-07 2.07E-08 1.87E-09 1.52E-10 1.13E-11 7.60E-13 4.63E-14 
  14.00  1.195  3.68E+05 2.10E+05 2.10E+05 1.92E+04 3.32E+04 3.92E+04 3.74E+04 3.03E+04 2.15E+04 1.34E+04 7.47E+03 3.72E+03 1.66E+03 6.67E+02 2.41E+02 7.88E+01 2.32E+01 6.19E+00 1.49E+00 3.26E-01 6.43E-02 1.15E-02 1.86E-03 2.74E-04 3.65E-05 4.40E-06 4.82E-07 4.78E-08 4.30E-09 3.52E-10 2.60E-11 1.75E-12 1.07E-13 
  15.00  1.195  8.53E+05 4.85E+05 4.85E+05 4.44E+04 7.69E+04 9.07E+04 8.64E+04 7.02E+04 4.97E+04 3.11E+04 1.73E+04 8.60E+03 3.84E+03 1.54E+03 5.58E+02 1.82E+02 5.37E+01 1.43E+01 3.45E+00 7.53E-01 1.49E-01 2.66E-02 4.31E-03 6.33E-04 8.43E-05 1.02E-05 1.11E-06 1.11E-07 9.95E-09 8.13E-10 6.02E-11 4.05E-12 2.47E-13 
  16.00  1.195  1.97E+06 1.12E+06 1.12E+06 1.03E+05 1.78E+05 2.10E+05 2.00E+05 1.62E+05 1.15E+05 7.17E+04 3.99E+04 1.99E+04 8.87E+03 3.56E+03 1.29E+03 4.21E+02 1.24E+02 3.31E+01 7.98E+00 1.74E+00 3.44E-01 6.15E-02 9.96E-03 1.46E-03 1.95E-04 2.35E-05 2.57E-06 2.55E-07 2.30E-08 1.88E-09 1.39E-10 9.36E-12 5.71E-13 
  17.00  1.195  4.56E+06 2.59E+06 2.59E+06 2.37E+05 4.10E+05 4.83E+05 4.61E+05 3.74E+05 2.65E+05 1.66E+05 9.21E+04 4.58E+04 2.05E+04 8.22E+03 2.98E+03 9.72E+02 2.86E+02 7.64E+01 1.84E+01 4.01E+00 7.93E-01 1.42E-01 2.30E-02 3.38E-03 4.49E-04 5.42E-05 5.94E-06 5.89E-07 5.31E-08 4.33E-09 3.21E-10 2.16E-11 1.32E-12 
  18.00  1.195  1.05E+07 5.96E+06 5.96E+06 5.46E+05 9.45E+05 1.11E+06 1.06E+06 8.62E+05 6.11E+05 3.82E+05 2.12E+05 1.06E+05 4.72E+04 1.90E+04 6.86E+03 2.24E+03 6.61E+02 1.76E+02 4.24E+01 9.26E+00 1.83E+00 3.27E-01 5.30E-02 7.79E-03 1.04E-03 1.25E-04 1.37E-05 1.36E-06 1.22E-07 9.99E-09 7.40E-10 4.98E-11 3.04E-12 
  19.00  1.195  2.43E+07 1.38E+07 1.38E+07 1.26E+06 2.18E+06 2.58E+06 2.46E+06 1.99E+06 1.41E+06 8.83E+05 4.91E+05 2.45E+05 1.09E+05 4.39E+04 1.59E+04 5.18E+03 1.53E+03 4.07E+02 9.82E+01 2.14E+01 4.23E+00 7.56E-01 1.23E-01 1.80E-02 2.40E-03 2.89E-04 3.17E-05 3.14E-06 2.83E-07 2.31E-08 1.71E-09 1.15E-10 7.02E-12 
  20.00  1.195  5.62E+07 3.19E+07 3.19E+07 2.91E+06 5.05E+06 5.96E+06 5.68E+06 4.61E+06 3.26E+06 2.04E+06 1.13E+06 5.65E+05 2.52E+05 1.01E+05 3.67E+04 1.20E+04 3.53E+03 9.41E+02 2.27E+02 4.95E+01 9.77E+00 1.75E+00 2.83E-01 4.16E-02 5.54E-03 6.68E-04 7.31E-05 7.26E-06 6.54E-07 5.34E-08 3.96E-09 2.66E-10 1.62E-11 
  22.50  1.195  7.01E+08 2.58E+08 2.58E+08 2.36E+07 4.08E+07 4.82E+07 4.59E+07 3.73E+07 2.64E+07 1.65E+07 9.18E+06 4.57E+06 2.04E+06 8.20E+05 2.97E+05 9.69E+04 2.86E+04 7.61E+03 1.83E+03 4.00E+02 7.91E+01 1.41E+01 2.29E+00 3.37E-01 4.48E-02 5.41E-03 5.92E-04 5.88E-05 5.29E-06 4.32E-07 3.20E-08 2.15E-09 1.31E-10 
  25.00  1.195  5.93E+09 2.09E+09 2.09E+09 1.91E+08 3.31E+08 3.91E+08 3.72E+08 3.02E+08 2.14E+08 1.34E+08 7.44E+07 3.70E+07 1.65E+07 6.64E+06 2.40E+06 7.85E+05 2.31E+05 6.17E+04 1.49E+04 3.24E+03 6.41E+02 1.15E+02 1.86E+01 2.73E+00 3.63E-01 4.38E-02 4.80E-03 4.76E-04 4.29E-05 3.50E-06 2.59E-07 1.74E-08 1.06E-09 
  30.00  1.195  6.91E+11 1.37E+11 1.37E+11 1.25E+10 2.17E+10 2.56E+10 2.44E+10 1.98E+10 1.40E+10 8.77E+09 4.88E+09 2.43E+09 1.08E+09 4.36E+08 1.58E+08 5.15E+07 1.52E+07 4.04E+06 9.75E+05 2.13E+05 4.20E+04 7.51E+03 1.22E+03 1.79E+02 2.38E+01 2.87E+00 3.14E-01 3.12E-02 2.81E-03 2.30E-04 1.70E-05 1.14E-06 6.98E-08 
  40.00  1.195  5.91E+15 5.91E+14 5.91E+14 5.41E+13 9.37E+13 1.11E+14 1.05E+14 8.55E+13 6.05E+13 3.78E+13 2.11E+13 1.05E+13 4.68E+12 1.88E+12 6.80E+11 2.22E+11 6.55E+10 1.75E+10 4.21E+09 9.18E+08 1.81E+08 3.24E+07 5.26E+06 7.72E+05 1.03E+05 1.24E+04 1.36E+03 1.35E+02 1.21E+01 9.91E-01 7.34E-02 4.94E-03 3.01E-04 
  50.00  1.195  2.54E+19 2.54E+18 2.54E+18 2.33E+17 4.03E+17 4.75E+17 4.53E+17 3.68E+17 2.60E+17 1.63E+17 9.05E+16 4.51E+16 2.01E+16 8.08E+15 2.92E+15 9.55E+14 2.82E+14 7.50E+13 1.81E+13 3.95E+12 7.79E+11 1.39E+11 2.26E+10 3.32E+09 4.42E+08 5.33E+07 5.84E+06 5.79E+05 5.21E+04 4.26E+03 3.16E+02 2.12E+01 1.29E+00 
  60.00  1.195  1.10E+23 1.10E+22 1.10E+22 1.00E+21 1.74E+21 2.05E+21 1.95E+21 1.59E+21 1.12E+21 7.02E+20 3.91E+20 1.95E+20 8.69E+19 3.49E+19 1.26E+19 4.12E+18 1.22E+18 3.24E+17 7.81E+16 1.70E+16 3.36E+15 6.02E+14 9.75E+13 1.43E+13 1.91E+12 2.30E+11 2.52E+10 2.50E+09 2.25E+08 1.84E+07 1.36E+06 9.16E+04 5.59E+03 
  70.00  1.195  4.72E+26 4.72E+25 4.72E+25 4.32E+24 7.47E+24 8.82E+24 8.40E+24 6.82E+24 4.83E+24 3.02E+24 1.68E+24 8.36E+23 3.73E+23 1.50E+23 5.43E+22 1.77E+22 5.23E+21 1.39E+21 3.36E+20 7.32E+19 1.45E+19 2.59E+18 4.19E+17 6.16E+16 8.20E+15 9.89E+14 1.08E+14 1.07E+13 9.68E+11 7.90E+10 5.86E+09 3.94E+08 2.40E+07 
  80.00  1.195  2.04E+30 2.04E+29 2.04E+29 1.86E+28 3.23E+28 3.81E+28 3.63E+28 2.94E+28 2.08E+28 1.30E+28 7.25E+27 3.61E+27 1.61E+27 6.47E+26 2.34E+26 7.65E+25 2.26E+25 6.01E+24 1.45E+24 3.16E+23 6.24E+22 1.12E+22 1.81E+21 2.66E+20 3.54E+19 4.27E+18 4.67E+17 4.64E+16 4.18E+15 3.41E+14 2.53E+13 1.70E+12 1.04E+11 
