#     E      f(E1)     Model:  3
    0.001  0.00000E+00
    0.002  0.00000E+00
    0.005  0.00000E+00
    0.010  0.00000E+00
    0.020  0.00000E+00
    0.050  0.00000E+00
    0.100  0.00000E+00
    0.200  4.66994E-12
    0.300  1.05125E-11
    0.400  1.87006E-11
    0.500  2.92391E-11
    0.600  4.21456E-11
    0.700  5.74375E-11
    0.800  7.51145E-11
    0.900  9.52376E-11
    1.000  1.17702E-10
    1.100  1.42683E-10
    1.200  1.70178E-10
    1.300  2.00189E-10
    1.400  2.32716E-10
    1.500  2.67845E-10
    1.600  3.05576E-10
    1.700  3.45909E-10
    1.800  3.89017E-10
    1.900  4.34814E-10
    2.000  4.83474E-10
    2.200  5.89380E-10
    2.400  7.07257E-10
    2.600  8.37535E-10
    2.800  9.80999E-10
    3.000  1.13799E-09
    3.200  1.30973E-09
    3.400  1.49622E-09
    3.600  1.70005E-09
    3.800  1.92036E-09
    4.000  2.15976E-09
    4.500  2.84932E-09
    5.000  3.68980E-09
    5.500  4.71764E-09
    6.000  5.98140E-09
    6.500  7.55048E-09
    7.000  9.52376E-09
    7.500  1.20652E-08
    8.000  1.54392E-08
    8.500  2.00710E-08
    9.000  2.67411E-08
    9.500  3.63429E-08
   10.000  4.81652E-08
   10.500  5.93456E-08
   11.000  7.24430E-08
   11.500  9.41100E-08
   12.000  1.27070E-07
   12.500  1.69571E-07
   13.000  2.27512E-07
   13.500  3.09999E-07
   14.000  4.08880E-07
   14.500  4.94576E-07
   15.000  5.20684E-07
   15.500  5.26322E-07
   16.000  5.07413E-07
   16.500  4.66387E-07
   17.000  4.50600E-07
   17.500  4.53896E-07
   18.000  4.50947E-07
   18.500  4.30651E-07
   19.000  4.04109E-07
   19.500  3.71756E-07
   20.000  3.30469E-07
   20.500  2.91524E-07
   21.000  2.58130E-07
   21.500  2.28206E-07
   22.000  2.00710E-07
   22.500  1.73908E-07
   23.000  1.51790E-07
   23.500  1.35657E-07
   24.000  1.21085E-07
   24.500  1.08422E-07
   25.000  9.99213E-08
   25.500  9.41100E-08
   26.000  8.83853E-08
   26.500  8.24265E-08
   27.000  7.62420E-08
   27.500  6.95459E-08
   28.000  6.31534E-08
   28.500  5.80966E-08
   29.000  5.38032E-08
   29.500  4.92494E-08
   30.000  4.46610E-08
