#     E      f(E1)     Model:  5
    0.001  7.62170E-09
    0.002  7.62094E-09
    0.005  7.61868E-09
    0.010  7.61491E-09
    0.020  7.60741E-09
    0.050  7.58513E-09
    0.100  7.54873E-09
    0.200  7.47867E-09
    0.300  7.41226E-09
    0.400  7.34947E-09
    0.500  7.29028E-09
    0.600  7.23467E-09
    0.700  7.18263E-09
    0.800  7.13415E-09
    0.900  7.08920E-09
    1.000  7.04780E-09
    1.100  7.00992E-09
    1.200  6.97557E-09
    1.300  6.94475E-09
    1.400  6.91745E-09
    1.500  6.89369E-09
    1.600  6.87346E-09
    1.700  6.85678E-09
    1.800  6.84366E-09
    1.900  6.83411E-09
    2.000  6.82815E-09
    2.200  6.82707E-09
    2.400  6.84061E-09
    2.600  6.86898E-09
    2.800  6.91247E-09
    3.000  6.97138E-09
    3.200  7.04608E-09
    3.400  7.13699E-09
    3.600  7.24457E-09
    3.800  7.36934E-09
    4.000  7.51190E-09
    4.500  7.95047E-09
    5.000  8.51644E-09
    5.500  9.22500E-09
    6.000  1.00952E-08
    6.500  1.11507E-08
    7.000  1.24212E-08
    7.500  1.39434E-08
    8.000  1.57636E-08
    8.500  1.79398E-08
    9.000  2.05454E-08
    9.500  2.36742E-08
   10.000  2.74462E-08
   10.500  3.25197E-08
   11.000  3.89672E-08
   11.500  4.68351E-08
   12.000  5.65109E-08
   12.500  6.85045E-08
   13.000  8.34873E-08
   13.500  1.02336E-07
   14.000  1.26174E-07
   14.500  1.56370E-07
   15.000  1.94437E-07
   15.500  2.41647E-07
   16.000  2.98130E-07
   16.500  3.61207E-07
   17.000  4.23411E-07
   17.500  4.72247E-07
   18.000  4.94677E-07
   18.500  4.85118E-07
   19.000  4.49179E-07
   19.500  3.98900E-07
   20.000  3.45428E-07
   20.500  2.95577E-07
   21.000  2.52189E-07
   21.500  2.15727E-07
   22.000  1.85570E-07
   22.500  1.60752E-07
   23.000  1.40304E-07
   23.500  1.23379E-07
   24.000  1.09281E-07
   24.500  9.74538E-08
   25.000  8.74565E-08
   25.500  7.89435E-08
   26.000  7.16421E-08
   26.500  6.53370E-08
   27.000  5.98568E-08
   27.500  5.50646E-08
   28.000  5.08500E-08
   28.500  4.71236E-08
   29.000  4.38124E-08
   29.500  4.08564E-08
   30.000  3.82059E-08
