#     E      f(E1)     Model:  2
    0.001  0.00000E+00
    0.002  7.22257E-12
    0.005  1.80564E-11
    0.010  3.61129E-11
    0.020  7.22259E-11
    0.050  1.80567E-10
    0.100  3.61149E-10
    0.200  7.22418E-10
    0.300  1.08393E-09
    0.400  1.44580E-09
    0.500  1.80816E-09
    0.600  2.17112E-09
    0.700  2.53481E-09
    0.800  2.89935E-09
    0.900  3.26486E-09
    1.000  3.63147E-09
    1.100  3.99930E-09
    1.200  4.36848E-09
    1.300  4.73913E-09
    1.400  5.11139E-09
    1.500  5.48538E-09
    1.600  5.86123E-09
    1.700  6.23908E-09
    1.800  6.61906E-09
    1.900  7.00131E-09
    2.000  7.38596E-09
    2.200  8.16303E-09
    2.400  8.95143E-09
    2.600  9.75232E-09
    2.800  1.05669E-08
    3.000  1.13965E-08
    3.200  1.22425E-08
    3.400  1.31061E-08
    3.600  1.39888E-08
    3.800  1.48922E-08
    4.000  1.58178E-08
    4.500  1.82401E-08
    5.000  2.08404E-08
    5.500  2.36517E-08
    6.000  2.67120E-08
    6.500  3.00661E-08
    7.000  3.37667E-08
    7.500  3.78767E-08
    8.000  4.24712E-08
    8.500  4.76410E-08
    9.000  5.34962E-08
    9.500  6.01710E-08
   10.000  6.78300E-08
   10.500  7.66756E-08
   11.000  8.69576E-08
   11.500  9.89839E-08
   12.000  1.13133E-07
   12.500  1.29865E-07
   13.000  1.49730E-07
   13.500  1.73365E-07
   14.000  2.01452E-07
   14.500  2.34630E-07
   15.000  2.73287E-07
   15.500  3.17178E-07
   16.000  3.64835E-07
   16.500  4.12863E-07
   17.000  4.55559E-07
   17.500  4.85638E-07
   18.000  4.96590E-07
   18.500  4.85762E-07
   19.000  4.55835E-07
   19.500  4.13330E-07
   20.000  3.65532E-07
   20.500  3.18131E-07
   21.000  2.74512E-07
   21.500  2.36133E-07
   22.000  2.03236E-07
   22.500  1.75432E-07
   23.000  1.52083E-07
   23.500  1.32504E-07
   24.000  1.16063E-07
   24.500  1.02209E-07
   25.000  9.04835E-08
   25.500  8.05097E-08
   26.000  7.19808E-08
   26.500  6.46482E-08
   27.000  5.83109E-08
   27.500  5.28054E-08
   28.000  4.79990E-08
   28.500  4.37831E-08
   29.000  4.00684E-08
   29.500  3.67814E-08
   30.000  3.38611E-08
