#     E      f(E1)     Model:  8
    0.001  1.11533E-09
    0.002  1.11518E-09
    0.005  1.11473E-09
    0.010  1.11399E-09
    0.020  1.11251E-09
    0.050  1.10802E-09
    0.100  1.10046E-09
    0.200  1.09750E-09
    0.300  1.09719E-09
    0.400  1.10266E-09
    0.500  1.11386E-09
    0.600  1.13076E-09
    0.700  1.15343E-09
    0.800  1.18168E-09
    0.900  1.21574E-09
    1.000  1.25542E-09
    1.100  1.30097E-09
    1.200  1.35218E-09
    1.300  1.40922E-09
    1.400  1.47218E-09
    1.500  1.54114E-09
    1.600  1.61620E-09
    1.700  1.69737E-09
    1.800  1.78512E-09
    1.900  1.87921E-09
    2.000  1.97970E-09
    2.200  2.20096E-09
    2.400  2.45209E-09
    2.600  2.73292E-09
    2.800  3.04779E-09
    3.000  3.39759E-09
    3.200  3.78580E-09
    3.400  4.21412E-09
    3.600  4.68669E-09
    3.800  5.20487E-09
    4.000  5.77242E-09
    4.500  7.42614E-09
    5.000  9.45629E-09
    5.500  1.19128E-08
    6.000  1.48938E-08
    6.500  1.84730E-08
    7.000  2.27944E-08
    7.500  2.79774E-08
    8.000  3.42116E-08
    8.500  4.16786E-08
    9.000  5.06205E-08
    9.500  6.13496E-08
   10.000  7.42820E-08
   10.500  8.99467E-08
   11.000  1.08855E-07
   11.500  1.31927E-07
   12.000  1.59683E-07
   12.500  1.92990E-07
   13.000  2.32803E-07
   13.500  2.79728E-07
   14.000  3.33592E-07
   14.500  3.91966E-07
   15.000  4.48605E-07
   15.500  4.95009E-07
   16.000  5.23893E-07
   16.500  5.33000E-07
   17.000  5.23980E-07
   17.500  5.00474E-07
   18.000  4.66733E-07
   18.500  4.27615E-07
   19.000  3.87195E-07
   19.500  3.48424E-07
   20.000  3.12515E-07
   20.500  2.79554E-07
   21.000  2.49283E-07
   21.500  2.21527E-07
   22.000  1.96633E-07
   22.500  1.74689E-07
   23.000  1.55607E-07
   23.500  1.39127E-07
   24.000  1.25162E-07
   24.500  1.13105E-07
   25.000  1.02784E-07
   25.500  9.39364E-08
   26.000  8.62429E-08
   26.500  7.95988E-08
   27.000  7.38048E-08
   27.500  6.87393E-08
   28.000  6.42810E-08
   28.500  6.03084E-08
   29.000  5.67696E-08
   29.500  5.35863E-08
   30.000  5.07240E-08
