#     E      f(E1)     Model:  9
    0.001  0.00000E+00
    0.002  0.00000E+00
    0.005  0.00000E+00
    0.010  0.00000E+00
    0.020  0.00000E+00
    0.050  0.00000E+00
    0.100  0.00000E+00
    0.200  1.49357E-10
    0.300  1.68492E-10
    0.400  1.90738E-10
    0.500  2.13961E-10
    0.600  2.39296E-10
    0.700  2.66369E-10
    0.800  2.95655E-10
    0.900  3.28337E-10
    1.000  3.63544E-10
    1.100  4.01034E-10
    1.200  4.42412E-10
    1.300  4.86406E-10
    1.400  5.33019E-10
    1.500  5.82668E-10
    1.600  6.35909E-10
    1.700  6.92103E-10
    1.800  7.51106E-10
    1.900  8.13096E-10
    2.000  8.78874E-10
    2.200  1.01966E-09
    2.400  1.18566E-09
    2.600  1.36497E-09
    2.800  1.54548E-09
    3.000  1.73746E-09
    3.200  1.96801E-09
    3.400  2.21007E-09
    3.600  2.49977E-09
    3.800  2.81983E-09
    4.000  3.15030E-09
    4.500  4.10007E-09
    5.000  5.23026E-09
    5.500  6.55995E-09
    6.000  8.12989E-09
    6.500  9.96611E-09
    7.000  1.20998E-08
    7.500  1.47020E-08
    8.000  1.77985E-08
    8.500  2.13981E-08
    9.000  2.57003E-08
    9.500  3.09999E-08
   10.000  3.72970E-08
   10.500  4.51034E-08
   11.000  5.46965E-08
   11.500  6.67009E-08
   12.000  8.16978E-08
   12.500  1.00962E-07
   13.000  1.24988E-07
   13.500  1.56040E-07
   14.000  1.94985E-07
   14.500  2.43038E-07
   15.000  2.98029E-07
   15.500  3.57010E-07
   16.000  4.10961E-07
   16.500  4.53029E-07
   17.000  4.83994E-07
   17.500  5.02990E-07
   18.000  5.10015E-07
   18.500  5.00994E-07
   19.000  4.72979E-07
   19.500  4.29957E-07
   20.000  3.79996E-07
   20.500  3.28994E-07
   21.000  2.83024E-07
   21.500  2.43038E-07
   22.000  2.09991E-07
   22.500  1.81975E-07
   23.000  1.58989E-07
   23.500  1.39994E-07
   24.000  1.24034E-07
   24.500  1.09983E-07
   25.000  9.89672E-08
   25.500  8.93394E-08
   26.000  8.10040E-08
   26.500  7.39001E-08
   27.000  6.76985E-08
   27.500  6.23034E-08
   28.000  5.74982E-08
   28.500  5.33000E-08
   29.000  4.95009E-08
   29.500  4.61963E-08
   30.000  4.32038E-08
