#     E      f(E1)     Model:  7
    0.001  0.00000E+00
    0.002  0.00000E+00
    0.005  0.00000E+00
    0.010  0.00000E+00
    0.020  0.00000E+00
    0.050  0.00000E+00
    0.100  0.00000E+00
    0.200  1.02685E-09
    0.300  8.32552E-10
    0.400  7.60321E-10
    0.500  7.51308E-10
    0.600  7.66377E-10
    0.700  7.85054E-10
    0.800  8.08275E-10
    0.900  8.36288E-10
    1.000  8.67344E-10
    1.100  8.99823E-10
    1.200  9.33747E-10
    1.300  9.67662E-10
    1.400  1.00191E-09
    1.500  1.03579E-09
    1.600  1.06934E-09
    1.700  1.10227E-09
    1.800  1.13696E-09
    1.900  1.17430E-09
    2.000  1.21911E-09
    2.200  1.36694E-09
    2.400  1.50727E-09
    2.600  1.48568E-09
    2.800  1.45020E-09
    3.000  1.37497E-09
    3.200  1.40426E-09
    3.400  1.48754E-09
    3.600  1.59770E-09
    3.800  1.72087E-09
    4.000  1.88480E-09
    4.500  2.09297E-09
    5.000  2.33757E-09
    5.500  2.69840E-09
    6.000  3.29255E-09
    6.500  4.37242E-09
    7.000  6.32402E-09
    7.500  1.17269E-08
    8.000  2.23782E-08
    8.500  5.23980E-08
    9.000  4.81826E-08
    9.500  5.99268E-08
   10.000  5.27710E-08
   10.500  5.87124E-08
   11.000  7.77513E-08
   11.500  1.30540E-07
   12.000  1.75296E-07
   12.500  2.01317E-07
   13.000  1.71740E-07
   13.500  1.64367E-07
   14.000  2.06348E-07
   14.500  3.08004E-07
   15.000  4.19548E-07
   15.500  4.18247E-07
   16.000  3.77741E-07
   16.500  3.58919E-07
   17.000  3.55276E-07
   17.500  3.52500E-07
   18.000  3.47643E-07
   18.500  3.47817E-07
   19.000  3.52934E-07
   19.500  3.56056E-07
   20.000  3.51893E-07
   20.500  3.40704E-07
   21.000  3.25785E-07
   21.500  3.09739E-07
   22.000  2.94213E-07
   22.500  2.79468E-07
   23.000  2.65850E-07
   23.500  2.53446E-07
   24.000  2.37834E-07
   24.500  2.19098E-07
   25.000  2.02358E-07
   25.500  1.87526E-07
   26.000  1.74429E-07
   26.500  1.62893E-07
   27.000  1.52744E-07
   27.500  1.43810E-07
   28.000  1.35831E-07
   28.500  1.28718E-07
   29.000  1.22386E-07
   29.500  1.16662E-07
   30.000  1.11544E-07
