#     E      f(E1)     Model:  4
    0.001  0.00000E+00
    0.002  0.00000E+00
    0.005  0.00000E+00
    0.010  0.00000E+00
    0.020  0.00000E+00
    0.050  0.00000E+00
    0.100  0.00000E+00
    0.200  2.87447E-10
    0.300  3.09652E-10
    0.400  3.33505E-10
    0.500  3.58919E-10
    0.600  3.86068E-10
    0.700  4.14865E-10
    0.800  4.45396E-10
    0.900  4.77662E-10
    1.000  5.11663E-10
    1.100  5.47399E-10
    1.200  5.84956E-10
    1.300  6.24335E-10
    1.400  6.65622E-10
    1.500  7.08818E-10
    1.600  7.54094E-10
    1.700  8.01279E-10
    1.800  8.50632E-10
    1.900  9.02068E-10
    2.000  9.55846E-10
    2.200  1.07121E-09
    2.400  1.19697E-09
    2.600  1.33575E-09
    2.800  1.49448E-09
    3.000  1.69658E-09
    3.200  2.02618E-09
    3.400  2.30114E-09
    3.600  2.57783E-09
    3.800  2.94646E-09
    4.000  3.35066E-09
    4.500  4.17033E-09
    5.000  5.04725E-09
    5.500  6.06814E-09
    6.000  7.27813E-09
    6.500  8.73445E-09
    7.000  1.05039E-08
    7.500  1.26897E-08
    8.000  1.54479E-08
    8.500  1.90215E-08
    9.000  2.38007E-08
    9.500  3.05142E-08
   10.000  4.04976E-08
   10.500  5.63532E-08
   11.000  8.10994E-08
   11.500  1.12412E-07
   12.000  1.40775E-07
   12.500  1.63066E-07
   13.000  1.83623E-07
   13.500  2.10165E-07
   14.000  2.44426E-07
   14.500  2.79641E-07
   15.000  3.15550E-07
   15.500  3.48510E-07
   16.000  3.71496E-07
   16.500  3.91532E-07
   17.000  4.08532E-07
   17.500  4.16512E-07
   18.000  4.20849E-07
   18.500  4.24232E-07
   19.000  4.23538E-07
   19.500  4.17467E-07
   20.000  4.06191E-07
   20.500  3.88583E-07
   21.000  3.64470E-07
   21.500  3.36020E-07
   22.000  3.05749E-07
   22.500  2.75391E-07
   23.000  2.45987E-07
   23.500  2.18231E-07
   24.000  1.92470E-07
   24.500  1.69051E-07
   25.000  1.48321E-07
   25.500  1.30366E-07
   26.000  1.15100E-07
   26.500  1.02177E-07
   27.000  9.13344E-08
   27.500  8.21315E-08
   28.000  7.43425E-08
   28.500  6.76811E-08
   29.000  6.19218E-08
   29.500  5.68823E-08
   30.000  5.23980E-08
