   1.012    
   1.113    
   1.215    
   1.316    
   1.417    
   1.518    
   1.620    
   1.721    
   1.822    
   1.923    
   2.024    
   2.126    
   2.227    
   2.328    
   2.429    
   2.530    
   2.632    
   2.733    
   2.834    
   2.935    
   3.037    
   3.138    
   3.239    
   3.340    
   3.441    
   3.543    
   3.644    
   3.745    
   3.846    
   3.948    
   4.049    
   4.150    
   4.251    
   4.352    
   4.454    
   4.555    
   4.656    
   4.757    
   4.859    
   4.960    
   5.061    
   5.162    
   5.263    
   5.365    
   5.466    
   5.567    
   5.668    
   5.770    
   5.871    
   5.972    
   6.073    
   6.174    
   6.276    
   6.377    
   6.478    
   6.579    
   6.680    
   6.782    
   6.883    
   6.984    
   7.085    
   7.187    
   7.288    
   7.389    
   7.490    
   7.591    
   7.693    
   7.794    
   7.895    
   7.996    
   8.098    
   8.199    
   8.300    
   8.401    
   8.502    
   8.604    
   8.705    
   8.806    
   8.907    
   9.009    
   9.110    
   9.211    
   9.312    
   9.413    
   9.515    
   9.616    
   9.717    
   9.818    
   9.920    
   10.02    
   10.12    
   10.22    
   10.32    
   10.43    
   10.53    
   10.63    
   10.73    
   10.83    
   10.93    
   11.03    
   11.13    
   11.24    
   11.34    
   11.44    
   11.54    
   11.64    
   11.74    
   11.84    
   11.94    
   12.05    
   12.15    
   12.25    
   12.35    
   12.45    
   12.55    
   12.65    
   12.75    
   12.85    
   12.96    
   13.06    
   13.16    
   13.26    
   13.36    
   13.46    
   13.56    
   13.66    
   13.77    
   13.87    
   13.97    
   14.07    
   14.17    
   14.27    
   14.37    
   14.47    
   14.58    
   14.68    
   14.78    
   14.88    
   14.98    
   15.08    
   15.18    
