#     E      f(M1)     Model:  2
    0.001  0.00000E+00
    0.002  2.44720E-13
    0.005  6.11800E-13
    0.010  1.22360E-12
    0.020  2.44722E-12
    0.050  6.11826E-12
    0.100  1.22381E-11
    0.200  2.44887E-11
    0.300  3.67645E-11
    0.400  4.90780E-11
    0.500  6.14420E-11
    0.600  7.38693E-11
    0.700  8.63730E-11
    0.800  9.89662E-11
    0.900  1.11662E-10
    1.000  1.24475E-10
    1.100  1.37418E-10
    1.200  1.50507E-10
    1.300  1.63754E-10
    1.400  1.77176E-10
    1.500  1.90789E-10
    1.600  2.04607E-10
    1.700  2.18648E-10
    1.800  2.32928E-10
    1.900  2.47466E-10
    2.000  2.62279E-10
    2.200  2.92811E-10
    2.400  3.24686E-10
    2.600  3.58083E-10
    2.800  3.93197E-10
    3.000  4.30244E-10
    3.200  4.69464E-10
    3.400  5.11121E-10
    3.600  5.55512E-10
    3.800  6.02972E-10
    4.000  6.53876E-10
    4.500  7.99116E-10
    5.000  9.77027E-10
    5.500  1.19922E-09
    6.000  1.48208E-09
    6.500  1.84883E-09
    7.000  2.33221E-09
    7.500  2.97672E-09
    8.000  3.83665E-09
    8.500  4.95801E-09
    9.000  6.31809E-09
    9.500  7.70085E-09
   10.000  8.61240E-09
   10.500  8.55569E-09
   11.000  7.56847E-09
   11.500  6.17633E-09
   12.000  4.84587E-09
   12.500  3.76387E-09
   13.000  2.94010E-09
   13.500  2.32575E-09
   14.000  1.86727E-09
   14.500  1.52163E-09
   15.000  1.25742E-09
   15.500  1.05239E-09
   16.000  8.90955E-10
   16.500  7.62058E-10
   17.000  6.57818E-10
   17.500  5.72520E-10
   18.000  5.01972E-10
   18.500  4.43052E-10
   19.000  3.93403E-10
   19.500  3.51228E-10
   20.000  3.15133E-10
   20.500  2.84034E-10
   21.000  2.57070E-10
   21.500  2.33558E-10
   22.000  2.12948E-10
   22.500  1.94791E-10
   23.000  1.78725E-10
   23.500  1.64447E-10
   24.000  1.51708E-10
   24.500  1.40302E-10
   25.000  1.30053E-10
   25.500  1.20814E-10
   26.000  1.12461E-10
   26.500  1.04886E-10
   27.000  9.80001E-11
   27.500  9.17232E-11
   28.000  8.59883E-11
   28.500  8.07364E-11
   29.000  7.59167E-11
   29.500  7.14844E-11
   30.000  6.74005E-11
