#     E      f(M1)     Model:  1
    0.001  0.00000E+00
    0.002  1.14463E-12
    0.005  2.86157E-12
    0.010  5.72315E-12
    0.020  1.14464E-11
    0.050  2.86169E-11
    0.100  5.72412E-11
    0.200  1.14541E-10
    0.300  1.71958E-10
    0.400  2.29552E-10
    0.500  2.87383E-10
    0.600  3.45509E-10
    0.700  4.03992E-10
    0.800  4.62894E-10
    0.900  5.22278E-10
    1.000  5.82207E-10
    1.100  6.42747E-10
    1.200  7.03964E-10
    1.300  7.65928E-10
    1.400  8.28707E-10
    1.500  8.92376E-10
    1.600  9.57008E-10
    1.700  1.02268E-09
    1.800  1.08947E-09
    1.900  1.15747E-09
    2.000  1.22676E-09
    2.200  1.36956E-09
    2.400  1.51865E-09
    2.600  1.67486E-09
    2.800  1.83910E-09
    3.000  2.01238E-09
    3.200  2.19582E-09
    3.400  2.39066E-09
    3.600  2.59830E-09
    3.800  2.82028E-09
    4.000  3.05837E-09
    4.500  3.73770E-09
    5.000  4.56985E-09
    5.500  5.60913E-09
    6.000  6.93213E-09
    6.500  8.64752E-09
    7.000  1.09084E-08
    7.500  1.39230E-08
    8.000  1.79452E-08
    8.500  2.31901E-08
    9.000  2.95516E-08
    9.500  3.60192E-08
   10.000  4.02828E-08
   10.500  4.00175E-08
   11.000  3.54000E-08
   11.500  2.88885E-08
   12.000  2.26656E-08
   12.500  1.76047E-08
   13.000  1.37517E-08
   13.500  1.08782E-08
   14.000  8.73378E-09
   14.500  7.11714E-09
   15.000  5.88131E-09
   15.500  4.92236E-09
   16.000  4.16726E-09
   16.500  3.56437E-09
   17.000  3.07681E-09
   17.500  2.67785E-09
   18.000  2.34787E-09
   18.500  2.07229E-09
   19.000  1.84006E-09
   19.500  1.64280E-09
   20.000  1.47397E-09
   20.500  1.32851E-09
   21.000  1.20239E-09
   21.500  1.09242E-09
   22.000  9.96020E-10
   22.500  9.11097E-10
   23.000  8.35948E-10
   23.500  7.69166E-10
   24.000  7.09585E-10
   24.500  6.56233E-10
   25.000  6.08296E-10
   25.500  5.65083E-10
   26.000  5.26012E-10
   26.500  4.90585E-10
   27.000  4.58375E-10
   27.500  4.29017E-10
   28.000  4.02193E-10
   28.500  3.77628E-10
   29.000  3.55085E-10
   29.500  3.34354E-10
   30.000  3.15252E-10
