                    ************************************************************************************************
                    *  Z= 29 A= 61: Positive-Parity Spin-dependent Level Density [MeV-1] for Cu 61 and ldmodel= 4  *
                    ************************************************************************************************
 U[MeV]  T[MeV]  NCUMUL   RHOOBS   RHOTOT    J=01/2   J=03/2   J=05/2   J=07/2   J=09/2   J=11/2   J=13/2   J=15/2   J=17/2   J=19/2   J=21/2   J=23/2   J=25/2   J=27/2   J=29/2   J=31/2   J=33/2   J=35/2   J=37/2   J=39/2   J=41/2   J=43/2   J=45/2   J=47/2   J=49/2   J=51/2   J=53/2   J=55/2   J=57/2   J=59/2
   0.25  0.185  1.30E-01 5.20E-01 9.56E-01 3.27E-01 1.64E-01 2.53E-02 1.45E-03 3.22E-05 2.83E-07 9.98E-10 1.42E-12 8.24E-16 2.00E-19 3.46E-21 3.46E-21 3.46E-21 3.46E-21 3.46E-21 3.46E-21 3.46E-21 3.46E-21 3.46E-21 3.46E-21 3.46E-21 3.46E-21 3.46E-21 3.46E-21 3.46E-21 3.46E-21 3.46E-21 3.46E-21 3.46E-21 3.46E-21
   0.50  0.262  3.51E-01 8.85E-01 1.78E+00 5.12E-01 3.03E-01 6.25E-02 5.77E-03 3.02E-04 1.19E-05 3.85E-07 8.94E-09 1.35E-10 1.30E-12 7.86E-15 2.99E-17 7.57E-20 5.00E-21 5.00E-21 5.00E-21 5.00E-21 5.00E-21 5.00E-21 5.00E-21 5.00E-21 5.00E-21 5.00E-21 5.00E-21 5.00E-21 5.00E-21 5.00E-21 5.00E-21 5.00E-21 5.00E-21
   0.75  0.321  6.97E-01 1.38E+00 3.27E+00 6.79E-01 5.14E-01 1.63E-01 2.86E-02 3.49E-03 3.52E-04 2.96E-05 1.93E-06 9.36E-08 3.32E-09 8.52E-11 1.58E-12 2.10E-14 2.01E-16 1.38E-18 1.11E-20 5.00E-21 5.00E-21 5.00E-21 5.00E-21 5.00E-21 5.00E-21 5.00E-21 5.00E-21 5.00E-21 5.00E-21 5.00E-21 5.00E-21 5.00E-21 5.00E-21
   1.00  0.371  1.18E+00 1.94E+00 5.23E+00 8.25E-01 7.40E-01 3.06E-01 7.47E-02 1.28E-02 1.74E-03 1.97E-04 1.81E-05 1.32E-06 7.39E-08 3.18E-09 1.04E-10 2.60E-12 4.89E-14 7.00E-16 7.52E-18 6.53E-20 5.00E-21 5.00E-21 5.00E-21 5.00E-21 5.00E-21 5.00E-21 5.00E-21 5.00E-21 5.00E-21 5.00E-21 5.00E-21 5.00E-21 5.00E-21
   1.25  0.415  1.83E+00 2.59E+00 7.73E+00 9.67E-01 9.78E-01 4.86E-01 1.49E-01 3.20E-02 5.38E-03 7.43E-04 8.56E-05 7.98E-06 5.97E-07 3.55E-08 1.67E-09 6.14E-11 1.77E-12 3.98E-14 7.03E-16 9.59E-18 1.06E-19 5.21E-21 5.00E-21 5.00E-21 5.00E-21 5.00E-21 5.00E-21 5.00E-21 5.00E-21 5.00E-21 5.00E-21 5.00E-21 5.00E-21
   1.50  0.454  2.69E+00 3.43E+00 1.10E+01 1.14E+00 1.25E+00 7.15E-01 2.59E-01 6.60E-02 1.29E-02 2.08E-03 2.82E-04 3.18E-05 2.95E-06 2.22E-07 1.36E-08 6.67E-10 2.63E-11 8.28E-13 2.10E-14 4.23E-16 6.80E-18 9.10E-20 5.28E-21 5.00E-21 5.00E-21 5.00E-21 5.00E-21 5.00E-21 5.00E-21 5.00E-21 5.00E-21 5.00E-21 5.00E-21
   1.75  0.490  3.80E+00 4.46E+00 1.54E+01 1.34E+00 1.58E+00 1.00E+00 4.11E-01 1.20E-01 2.68E-02 4.88E-03 7.47E-04 9.75E-05 1.07E-05 9.75E-07 7.36E-08 4.54E-09 2.30E-10 9.50E-12 3.21E-13 8.81E-15 1.96E-16 3.54E-18 5.64E-20 5.03E-21 5.00E-21 5.00E-21 5.00E-21 5.00E-21 5.00E-21 5.00E-21 5.00E-21 5.00E-21 5.00E-21
   2.00  0.524  5.24E+00 5.74E+00 2.10E+01 1.58E+00 1.96E+00 1.34E+00 6.13E-01 2.00E-01 5.03E-02 1.01E-02 1.72E-03 2.52E-04 3.16E-05 3.37E-06 3.02E-07 2.27E-08 1.41E-09 7.33E-11 3.14E-12 1.11E-13 3.25E-15 7.88E-17 1.57E-18 3.00E-20 5.00E-21 5.00E-21 5.00E-21 5.00E-21 5.00E-21 5.00E-21 5.00E-21 5.00E-21 5.00E-21
   2.25  0.556  7.07E+00 7.33E+00 2.81E+01 1.86E+00 2.41E+00 1.76E+00 8.77E-01 3.16E-01 8.72E-02 1.93E-02 3.60E-03 5.76E-04 8.07E-05 9.77E-06 1.02E-06 8.96E-08 6.68E-09 4.19E-10 2.20E-11 9.72E-13 3.59E-14 1.11E-15 2.86E-17 6.22E-19 1.55E-20 5.00E-21 5.00E-21 5.00E-21 5.00E-21 5.00E-21 5.00E-21 5.00E-21 5.00E-21
   2.50  0.586  9.39E+00 9.27E+00 3.73E+01 2.20E+00 2.94E+00 2.26E+00 1.21E+00 4.76E-01 1.44E-01 3.48E-02 6.99E-03 1.22E-03 1.86E-04 2.50E-05 2.94E-06 2.98E-07 2.59E-08 1.91E-09 1.20E-10 6.40E-12 2.90E-13 1.10E-14 3.57E-16 9.76E-18 2.29E-19 8.81E-21 5.00E-21 5.00E-21 5.00E-21 5.00E-21 5.00E-21 5.00E-21 5.00E-21
   2.75  0.615  1.23E+01 1.16E+01 4.88E+01 2.58E+00 3.56E+00 2.88E+00 1.63E+00 6.93E-01 2.27E-01 5.95E-02 1.29E-02 2.41E-03 3.97E-04 5.83E-05 7.57E-06 8.61E-07 8.54E-08 7.32E-09 5.38E-10 3.37E-11 1.82E-12 8.33E-14 3.28E-15 1.10E-16 3.15E-18 8.12E-20 6.11E-21 5.00E-21 5.00E-21 5.00E-21 5.00E-21 5.00E-21 5.00E-21
   3.00  0.642  1.59E+01 1.45E+01 6.33E+01 3.04E+00 4.28E+00 3.61E+00 2.15E+00 9.80E-01 3.45E-01 9.74E-02 2.28E-02 4.54E-03 8.00E-04 1.26E-04 1.78E-05 2.24E-06 2.48E-07 2.41E-08 2.03E-09 1.47E-10 9.27E-12 5.02E-13 2.35E-14 9.44E-16 3.27E-17 9.80E-19 2.94E-20 5.14E-21 5.00E-21 5.00E-21 5.00E-21 5.00E-21 5.00E-21
   3.25  0.668  2.04E+01 1.80E+01 8.15E+01 3.56E+00 5.15E+00 4.48E+00 2.81E+00 1.34E+00 5.10E-01 1.54E-01 3.87E-02 8.24E-03 1.54E-03 2.58E-04 3.90E-05 5.31E-06 6.53E-07 7.04E-08 6.69E-09 5.55E-10 4.01E-11 2.51E-12 1.37E-13 6.46E-15 2.65E-16 9.46E-18 2.96E-19 1.23E-20 5.00E-21 5.00E-21 5.00E-21 5.00E-21 5.00E-21
   3.50  0.694  2.60E+01 2.23E+01 1.04E+02 4.18E+00 6.16E+00 5.53E+00 3.61E+00 1.81E+00 7.31E-01 2.37E-01 6.35E-02 1.44E-02 2.86E-03 5.06E-04 8.12E-05 1.19E-05 1.57E-06 1.87E-07 1.97E-08 1.83E-09 1.50E-10 1.07E-11 6.69E-13 3.66E-14 1.75E-15 7.29E-17 2.66E-18 8.92E-20 6.90E-21 5.00E-21 5.00E-21 5.00E-21 5.00E-21
   3.75  0.718  3.29E+01 2.75E+01 1.32E+02 4.90E+00 7.31E+00 6.77E+00 4.58E+00 2.41E+00 1.03E+00 3.54E-01 1.01E-01 2.45E-02 5.14E-03 9.59E-04 1.62E-04 2.51E-05 3.56E-06 4.59E-07 5.30E-08 5.43E-09 4.96E-10 4.00E-11 2.82E-12 1.76E-13 9.63E-15 4.64E-16 1.97E-17 7.37E-19 2.84E-20 5.31E-21 5.00E-21 5.00E-21 5.00E-21
   4.00  0.741  4.13E+01 3.36E+01 1.67E+02 5.72E+00 8.68E+00 8.21E+00 5.78E+00 3.17E+00 1.40E+00 5.16E-01 1.57E-01 4.03E-02 8.96E-03 1.76E-03 3.13E-04 5.08E-05 7.62E-06 1.05E-06 1.31E-07 1.47E-08 1.48E-09 1.32E-10 1.05E-11 7.33E-13 4.55E-14 2.50E-15 1.21E-16 5.19E-18 2.01E-19 1.11E-20 5.00E-21 5.00E-21 5.00E-21
   4.25  0.764  5.16E+01 4.11E+01 2.10E+02 6.68E+00 1.03E+01 9.91E+00 7.20E+00 4.11E+00 1.90E+00 7.36E-01 2.37E-01 6.46E-02 1.52E-02 3.16E-03 5.87E-04 9.98E-05 1.57E-05 2.28E-06 3.04E-07 3.70E-08 4.04E-09 3.97E-10 3.48E-11 2.72E-12 1.88E-13 1.17E-14 6.39E-16 3.11E-17 1.35E-18 5.65E-20 6.39E-21 5.00E-21 5.00E-21
   4.50  0.786  6.40E+01 4.99E+01 2.63E+02 7.78E+00 1.21E+01 1.19E+01 8.91E+00 5.28E+00 2.54E+00 1.03E+00 3.50E-01 1.01E-01 2.52E-02 5.52E-03 1.08E-03 1.91E-04 3.13E-05 4.75E-06 6.71E-07 8.70E-08 1.03E-08 1.10E-09 1.05E-10 9.04E-12 6.95E-13 4.80E-14 2.94E-15 1.61E-16 7.87E-18 3.48E-19 1.80E-20 5.17E-21 5.00E-21
   4.75  0.808  7.92E+01 6.07E+01 3.27E+02 9.06E+00 1.43E+01 1.43E+01 1.09E+01 6.70E+00 3.36E+00 1.41E+00 5.07E-01 1.54E-01 4.07E-02 9.40E-03 1.92E-03 3.57E-04 6.09E-05 9.60E-06 1.42E-06 1.94E-07 2.44E-08 2.81E-09 2.92E-10 2.75E-11 2.32E-12 1.76E-13 1.20E-14 7.31E-16 4.00E-17 1.96E-18 9.08E-20 8.02E-21 5.00E-21
   5.00  0.829  9.76E+01 7.36E+01 4.06E+02 1.05E+01 1.68E+01 1.71E+01 1.34E+01 8.44E+00 4.39E+00 1.92E+00 7.23E-01 2.31E-01 6.40E-02 1.56E-02 3.36E-03 6.51E-04 1.15E-04 1.89E-05 2.90E-06 4.15E-07 5.52E-08 6.78E-09 7.56E-10 7.68E-11 7.07E-12 5.86E-13 4.39E-14 2.96E-15 1.79E-16 9.78E-18 4.84E-19 2.59E-20 5.55E-21
   5.50  0.869  1.51E+02 1.07E+02 6.17E+02 1.42E+01 2.30E+01 2.42E+01 1.97E+01 1.31E+01 7.23E+00 3.42E+00 1.41E+00 4.97E-01 1.52E-01 4.11E-02 9.82E-03 2.09E-03 4.03E-04 7.16E-05 1.17E-05 1.81E-06 2.62E-07 3.55E-08 4.50E-09 5.22E-10 5.64E-11 5.49E-12 4.87E-13 3.95E-14 2.90E-15 1.93E-16 1.16E-17 6.40E-19 3.60E-20
   6.00  0.908  2.28E+02 1.54E+02 9.26E+02 1.91E+01 3.13E+01 3.38E+01 2.84E+01 1.98E+01 1.16E+01 5.85E+00 2.54E+00 9.89E-01 3.30E-01 9.75E-02 2.55E-02 5.94E-03 1.25E-03 2.39E-04 4.21E-05 6.87E-06 1.06E-06 1.54E-07 2.11E-08 2.71E-09 3.25E-10 3.60E-11 3.68E-12 3.45E-13 2.95E-14 2.31E-15 1.65E-16 1.07E-17 6.41E-19
   6.50  0.945  3.38E+02 2.20E+02 1.38E+03 2.55E+01 4.24E+01 4.68E+01 4.06E+01 2.94E+01 1.81E+01 9.64E+00 4.47E+00 1.82E+00 6.73E-01 2.15E-01 6.15E-02 1.57E-02 3.59E-03 7.44E-04 1.41E-04 2.46E-05 3.99E-06 6.11E-07 8.87E-08 1.22E-08 1.58E-09 1.93E-10 2.20E-11 2.33E-12 2.27E-13 2.05E-14 1.69E-15 1.28E-16 8.88E-18
   7.00  0.981  4.93E+02 3.11E+02 2.03E+03 3.40E+01 5.73E+01 6.43E+01 5.74E+01 4.29E+01 2.76E+01 1.54E+01 7.57E+00 3.29E+00 1.30E+00 4.48E-01 1.38E-01 3.82E-02 9.50E-03 2.14E-03 4.37E-04 8.17E-05 1.41E-05 2.29E-06 3.48E-07 5.04E-08 6.88E-09 9.01E-10 1.11E-10 1.29E-11 1.41E-12 1.42E-13 1.33E-14 1.15E-15 9.17E-17
   7.50  1.015  7.13E+02 4.39E+02 2.96E+03 4.51E+01 7.65E+01 8.77E+01 8.03E+01 6.19E+01 4.12E+01 2.41E+01 1.25E+01 5.70E+00 2.34E+00 8.83E-01 2.92E-01 8.73E-02 2.34E-02 5.70E-03 1.26E-03 2.54E-04 4.73E-05 8.10E-06 1.30E-06 1.95E-07 2.80E-08 3.83E-09 5.02E-10 6.24E-11 7.36E-12 8.16E-13 8.45E-14 8.16E-15 7.36E-16
   8.00  1.049  1.02E+03 6.13E+02 4.28E+03 5.99E+01 1.02E+02 1.19E+02 1.11E+02 8.81E+01 6.08E+01 3.69E+01 1.99E+01 9.61E+00 4.17E+00 1.66E+00 5.86E-01 1.87E-01 5.39E-02 1.42E-02 3.38E-03 7.33E-04 1.47E-04 2.68E-05 4.58E-06 7.24E-07 1.09E-07 1.55E-08 2.10E-09 2.74E-10 3.41E-11 4.05E-12 4.55E-13 4.84E-14 4.79E-15
   8.50  1.081  1.45E+03 8.55E+02 6.15E+03 7.91E+01 1.36E+02 1.61E+02 1.53E+02 1.24E+02 8.83E+01 5.55E+01 3.12E+01 1.58E+01 7.18E+00 2.95E+00 1.13E+00 3.82E-01 1.18E-01 3.30E-02 8.44E-03 1.97E-03 4.23E-04 8.33E-05 1.51E-05 2.55E-06 4.02E-07 5.98E-08 8.41E-09 1.14E-09 1.47E-10 1.83E-11 2.18E-12 2.48E-13 2.67E-14
   9.00  1.112  2.04E+03 1.19E+03 8.78E+03 1.04E+02 1.81E+02 2.16E+02 2.10E+02 1.74E+02 1.27E+02 8.24E+01 4.78E+01 2.52E+01 1.20E+01 5.18E+00 2.03E+00 7.45E-01 2.44E-01 7.28E-02 1.99E-02 4.99E-03 1.14E-03 2.41E-04 4.66E-05 8.44E-06 1.41E-06 2.20E-07 3.25E-08 4.56E-09 6.10E-10 7.81E-11 9.65E-12 1.15E-12 1.31E-13
   9.50  1.143  2.86E+03 1.64E+03 1.25E+04 1.37E+02 2.40E+02 2.90E+02 2.85E+02 2.41E+02 1.80E+02 1.20E+02 7.23E+01 3.94E+01 1.95E+01 8.81E+00 3.62E+00 1.39E+00 4.81E-01 1.52E-01 4.42E-02 1.18E-02 2.89E-03 6.50E-04 1.35E-04 2.60E-05 4.64E-06 7.70E-07 1.19E-07 1.75E-08 2.43E-09 3.22E-10 4.10E-11 5.02E-12 5.94E-13
  10.00  1.172  3.99E+03 2.25E+03 1.76E+04 1.80E+02 3.18E+02 3.87E+02 3.86E+02 3.32E+02 2.54E+02 1.74E+02 1.07E+02 6.04E+01 3.11E+01 1.46E+01 6.26E+00 2.47E+00 9.14E-01 3.05E-01 9.33E-02 2.64E-02 6.88E-03 1.65E-03 3.66E-04 7.51E-05 1.43E-05 2.52E-06 4.16E-07 6.40E-08 9.31E-09 1.28E-09 1.68E-10 2.13E-11 2.58E-12
  11.00  1.230  8.19E+03 4.20E+03 3.44E+04 3.08E+02 5.51E+02 6.80E+02 6.98E+02 6.20E+02 4.90E+02 3.51E+02 2.28E+02 1.36E+02 7.44E+01 3.73E+01 1.73E+01 7.36E+00 3.02E+00 1.11E+00 3.74E-01 1.18E-01 3.41E-02 9.19E-03 2.30E-03 5.33E-04 1.15E-04 2.31E-05 4.31E-06 7.49E-07 1.22E-07 1.87E-08 2.68E-09 3.65E-10 4.73E-11
  12.00  1.284  1.59E+04 7.73E+03 6.60E+04 5.23E+02 9.45E+02 1.19E+03 1.24E+03 1.13E+03 9.24E+02 6.84E+02 4.65E+02 2.90E+02 1.67E+02 8.89E+01 4.38E+01 2.00E+01 8.48E+00 3.34E+00 1.27E+00 4.36E-01 1.39E-01 4.12E-02 1.14E-02 2.94E-03 7.06E-04 1.58E-04 3.32E-05 6.48E-06 1.19E-06 2.04E-07 3.27E-08 4.92E-09 7.01E-10
  13.00  1.337  2.99E+04 1.40E+04 1.24E+05 8.84E+02 1.60E+03 2.04E+03 2.17E+03 2.02E+03 1.69E+03 1.30E+03 9.12E+02 5.92E+02 3.56E+02 1.99E+02 1.03E+02 4.99E+01 2.26E+01 9.51E+00 3.74E+00 1.42E+00 4.91E-01 1.58E-01 4.76E-02 1.35E-02 3.56E-03 8.81E-04 2.04E-04 4.44E-05 9.05E-06 1.73E-06 3.11E-07 5.26E-08 8.32E-09
  14.00  1.387  5.48E+04 2.49E+04 2.30E+05 1.48E+03 2.70E+03 3.48E+03 3.74E+03 3.56E+03 3.05E+03 2.40E+03 1.74E+03 1.17E+03 7.29E+02 4.25E+02 2.31E+02 1.18E+02 5.60E+01 2.49E+01 1.04E+01 4.07E+00 1.55E+00 5.34E-01 1.74E-01 5.33E-02 1.53E-02 4.12E-03 1.05E-03 2.49E-04 5.61E-05 1.18E-05 2.34E-06 4.38E-07 7.73E-08
  15.00  1.436  9.87E+04 4.39E+04 4.18E+05 2.46E+03 4.51E+03 5.86E+03 6.38E+03 6.18E+03 5.41E+03 4.34E+03 3.23E+03 2.23E+03 1.44E+03 8.71E+02 4.91E+02 2.61E+02 1.30E+02 6.07E+01 2.68E+01 1.11E+01 4.32E+00 1.64E+00 5.68E-01 1.86E-01 5.76E-02 1.67E-02 4.57E-03 1.18E-03 2.88E-04 6.65E-05 1.45E-05 2.96E-06 5.74E-07
  16.00  1.483  1.75E+05 7.62E+04 7.49E+05 4.06E+03 7.46E+03 9.81E+03 1.08E+04 1.06E+04 9.39E+03 7.70E+03 5.87E+03 4.15E+03 2.76E+03 1.72E+03 1.00E+03 5.52E+02 2.87E+02 1.40E+02 6.45E+01 2.81E+01 1.15E+01 4.47E+00 1.69E+00 5.88E-01 1.93E-01 6.00E-02 1.75E-02 4.90E-03 1.28E-03 3.19E-04 7.50E-05 1.67E-05 3.53E-06
  17.00  1.529  3.06E+05 1.31E+05 1.32E+06 6.64E+03 1.23E+04 1.62E+04 1.80E+04 1.78E+04 1.61E+04 1.34E+04 1.04E+04 7.55E+03 5.15E+03 3.29E+03 1.98E+03 1.13E+03 6.05E+02 3.07E+02 1.48E+02 6.69E+01 2.88E+01 1.17E+01 4.52E+00 1.70E+00 5.88E-01 1.94E-01 6.05E-02 1.79E-02 5.04E-03 1.34E-03 3.38E-04 8.08E-05 1.84E-05
  18.00  1.573  5.28E+05 2.22E+05 2.30E+06 1.07E+04 2.00E+04 2.65E+04 2.97E+04 2.97E+04 2.72E+04 2.30E+04 1.82E+04 1.34E+04 9.36E+03 6.15E+03 3.81E+03 2.23E+03 1.24E+03 6.47E+02 3.22E+02 1.52E+02 6.79E+01 2.89E+01 1.16E+01 4.46E+00 1.67E+00 5.79E-01 1.90E-01 5.96E-02 1.77E-02 5.00E-03 1.35E-03 3.44E-04 8.37E-05
  19.00  1.616  9.01E+05 3.73E+05 3.95E+06 1.73E+04 3.22E+04 4.30E+04 4.86E+04 4.91E+04 4.54E+04 3.89E+04 3.13E+04 2.36E+04 1.67E+04 1.12E+04 7.10E+03 4.27E+03 2.43E+03 1.32E+03 6.76E+02 3.29E+02 1.53E+02 6.75E+01 2.83E+01 1.13E+01 4.30E+00 1.60E+00 5.51E-01 1.82E-01 5.68E-02 1.70E-02 4.82E-03 1.31E-03 3.38E-04
  20.00  1.658  1.52E+06 6.20E+05 6.71E+06 2.76E+04 5.16E+04 6.90E+04 7.86E+04 8.00E+04 7.50E+04 6.49E+04 5.28E+04 4.05E+04 2.93E+04 2.00E+04 1.30E+04 7.96E+03 4.66E+03 2.59E+03 1.37E+03 6.90E+02 3.30E+02 1.50E+02 6.56E+01 2.72E+01 1.07E+01 4.05E+00 1.50E+00 5.18E-01 1.69E-01 5.31E-02 1.59E-02 4.53E-03 1.24E-03
  22.50  1.759  6.82E+06 2.12E+06 2.41E+07 8.64E+04 1.62E+05 2.20E+05 2.53E+05 2.62E+05 2.51E+05 2.23E+05 1.87E+05 1.48E+05 1.11E+05 7.91E+04 5.36E+04 3.46E+04 2.13E+04 1.25E+04 7.04E+03 3.76E+03 1.93E+03 9.45E+02 4.45E+02 2.00E+02 8.59E+01 3.53E+01 1.40E+01 5.49E+00 1.99E+00 6.95E-01 2.31E-01 7.38E-02 2.25E-02
  25.00  1.854  2.39E+07 6.85E+06 8.13E+07 2.59E+05 4.88E+05 6.67E+05 7.78E+05 8.16E+05 7.96E+05 7.23E+05 6.17E+05 5.01E+05 3.88E+05 2.86E+05 2.01E+05 1.35E+05 8.62E+04 5.31E+04 3.13E+04 1.76E+04 9.57E+03 4.94E+03 2.48E+03 1.18E+03 5.43E+02 2.40E+02 1.02E+02 4.15E+01 1.62E+01 6.37E+00 2.30E+00 8.02E-01 2.69E-01
  30.00  2.031  3.38E+08 6.28E+07 7.98E+08 2.09E+06 3.97E+06 5.47E+06 6.49E+06 6.97E+06 6.96E+06 6.53E+06 5.80E+06 4.88E+06 3.94E+06 3.04E+06 2.25E+06 1.60E+06 1.09E+06 7.16E+05 4.54E+05 2.77E+05 1.62E+05 9.18E+04 5.01E+04 2.64E+04 1.34E+04 6.56E+03 3.09E+03 1.41E+03 6.19E+02 2.64E+02 1.08E+02 4.50E+01 1.72E+01
  40.00  2.345  3.51E+10 3.48E+09 4.88E+10 9.61E+07 1.84E+08 2.57E+08 3.11E+08 3.43E+08 3.53E+08 3.43E+08 3.19E+08 2.83E+08 2.41E+08 1.98E+08 1.56E+08 1.19E+08 8.80E+07 6.28E+07 4.35E+07 2.91E+07 1.89E+07 1.19E+07 7.27E+06 4.30E+06 2.47E+06 1.38E+06 7.43E+05 3.91E+05 1.99E+05 9.89E+04 4.75E+04 2.22E+04 1.00E+04
  50.00  2.622  1.32E+12 1.28E+11 1.94E+12 3.11E+09 5.99E+09 8.47E+09 1.04E+10 1.16E+10 1.22E+10 1.21E+10 1.15E+10 1.05E+10 9.29E+09 7.87E+09 6.51E+09 5.20E+09 4.02E+09 3.02E+09 2.20E+09 1.57E+09 1.08E+09 7.27E+08 4.75E+08 3.02E+08 1.87E+08 1.13E+08 6.62E+07 3.80E+07 2.12E+07 1.15E+07 6.12E+06 3.15E+06 1.58E+06
  60.00  2.872  3.67E+13 3.54E+12 5.63E+13 7.71E+10 1.49E+11 2.12E+11 2.61E+11 2.96E+11 3.15E+11 3.18E+11 3.09E+11 2.88E+11 2.59E+11 2.27E+11 1.92E+11 1.58E+11 1.26E+11 9.83E+10 7.45E+10 5.50E+10 3.97E+10 2.79E+10 1.91E+10 1.28E+10 8.35E+09 5.29E+09 3.30E+09 2.01E+09 1.19E+09 6.93E+08 3.91E+08 2.16E+08 1.17E+08
  70.00  3.102  8.13E+14 7.76E+13 1.29E+15 1.55E+12 3.01E+12 4.29E+12 5.33E+12 6.11E+12 6.55E+12 6.69E+12 6.59E+12 6.25E+12 5.71E+12 5.08E+12 4.39E+12 3.70E+12 3.03E+12 2.42E+12 1.89E+12 1.44E+12 1.07E+12 7.75E+11 5.51E+11 3.82E+11 2.60E+11 1.72E+11 1.12E+11 7.10E+10 4.41E+10 2.68E+10 1.59E+10 9.28E+09 5.29E+09
  80.00  3.316  1.49E+16 1.41E+15 2.44E+16 2.63E+13 5.14E+13 7.34E+13 9.15E+13 1.05E+14 1.13E+14 1.17E+14 1.16E+14 1.12E+14 1.04E+14 9.39E+13 8.21E+13 7.04E+13 5.91E+13 4.81E+13 3.84E+13 2.99E+13 2.28E+13 1.70E+13 1.24E+13 8.83E+12 6.20E+12 4.24E+12 2.85E+12 1.87E+12 1.20E+12 7.60E+11 4.71E+11 2.85E+11 1.69E+11
  90.00  3.517  2.35E+17 2.20E+16 3.93E+17 3.84E+14 7.49E+14 1.08E+15 1.35E+15 1.56E+15 1.69E+15 1.76E+15 1.77E+15 1.71E+15 1.61E+15 1.47E+15 1.31E+15 1.14E+15 9.64E+14 8.02E+14 6.51E+14 5.19E+14 4.02E+14 3.06E+14 2.28E+14 1.67E+14 1.20E+14 8.41E+13 5.81E+13 3.93E+13 2.61E+13 1.69E+13 1.08E+13 6.78E+12 4.18E+12
 100.00  3.707  3.23E+18 3.00E+17 5.52E+18 4.95E+15 9.66E+15 1.39E+16 1.75E+16 2.03E+16 2.23E+16 2.33E+16 2.35E+16 2.29E+16 2.18E+16 2.01E+16 1.81E+16 1.59E+16 1.37E+16 1.15E+16 9.50E+15 7.64E+15 6.07E+15 4.70E+15 3.57E+15 2.67E+15 1.95E+15 1.40E+15 9.88E+14 6.85E+14 4.67E+14 3.11E+14 2.04E+14 1.31E+14 8.36E+13
 110.00  3.888  3.96E+19 3.64E+18 6.89E+19 5.74E+16 1.12E+17 1.61E+17 2.03E+17 2.36E+17 2.61E+17 2.74E+17 2.78E+17 2.74E+17 2.61E+17 2.44E+17 2.22E+17 1.97E+17 1.71E+17 1.46E+17 1.22E+17 9.95E+16 7.99E+16 6.32E+16 4.87E+16 3.70E+16 2.76E+16 2.02E+16 1.45E+16 1.03E+16 7.15E+15 4.87E+15 3.26E+15 2.15E+15 1.40E+15
 120.00  4.061  4.39E+20 3.99E+19 7.73E+20 5.99E+17 1.17E+18 1.69E+18 2.14E+18 2.50E+18 2.76E+18 2.92E+18 2.98E+18 2.95E+18 2.84E+18 2.66E+18 2.44E+18 2.19E+18 1.92E+18 1.65E+18 1.40E+18 1.16E+18 9.42E+17 7.51E+17 5.89E+17 4.54E+17 3.44E+17 2.55E+17 1.87E+17 1.35E+17 9.51E+16 6.62E+16 4.54E+16 3.06E+16 2.03E+16
 130.00  4.227  4.42E+21 3.98E+20 7.89E+21 5.75E+18 1.12E+19 1.62E+19 2.05E+19 2.41E+19 2.67E+19 2.84E+19 2.91E+19 2.89E+19 2.80E+19 2.65E+19 2.45E+19 2.21E+19 1.96E+19 1.70E+19 1.45E+19 1.21E+19 9.97E+18 8.05E+18 6.38E+18 5.01E+18 3.83E+18 2.90E+18 2.15E+18 1.57E+18 1.13E+18 8.00E+17 5.59E+17 3.83E+17 2.58E+17
 140.00  4.387  4.10E+22 3.66E+21 7.40E+22 5.06E+19 9.88E+19 1.44E+20 1.82E+20 2.14E+20 2.38E+20 2.54E+20 2.61E+20 2.61E+20 2.54E+20 2.42E+20 2.25E+20 2.05E+20 1.83E+20 1.60E+20 1.38E+20 1.16E+20 9.68E+19 7.91E+19 6.34E+19 5.01E+19 3.89E+19 2.97E+19 2.24E+19 1.66E+19 1.21E+19 8.69E+18 6.14E+18 4.29E+18 2.95E+18
 150.00  4.541  3.53E+23 3.12E+22 6.42E+23 4.15E+20 8.12E+20 1.18E+21 1.50E+21 1.77E+21 1.97E+21 2.11E+21 2.18E+21 2.19E+21 2.14E+21 2.05E+21 1.91E+21 1.76E+21 1.58E+21 1.39E+21 1.20E+21 1.03E+21 8.60E+20 7.08E+20 5.75E+20 4.59E+20 3.61E+20 2.79E+20 2.13E+20 1.60E+20 1.18E+20 8.60E+19 6.19E+19 4.37E+19 3.04E+19

                    ************************************************************************************************
                    *  Z= 29 A= 61: Negative-Parity Spin-dependent Level Density [MeV-1] for Cu 61 and ldmodel= 4  *
                    ************************************************************************************************
 U[MeV]  T[MeV]  NCUMUL   RHOOBS   RHOTOT    J=01/2   J=03/2   J=05/2   J=07/2   J=09/2   J=11/2   J=13/2   J=15/2   J=17/2   J=19/2   J=21/2   J=23/2   J=25/2   J=27/2   J=29/2   J=31/2   J=33/2   J=35/2   J=37/2   J=39/2   J=41/2   J=43/2   J=45/2   J=47/2   J=49/2   J=51/2   J=53/2   J=55/2   J=57/2   J=59/2
   0.25  0.185  1.30E-01 5.20E-01 9.56E-01 3.27E-01 1.64E-01 2.53E-02 1.45E-03 3.22E-05 2.83E-07 9.98E-10 1.42E-12 8.24E-16 2.00E-19 3.46E-21 3.46E-21 3.46E-21 3.46E-21 3.46E-21 3.46E-21 3.46E-21 3.46E-21 3.46E-21 3.46E-21 3.46E-21 3.46E-21 3.46E-21 3.46E-21 3.46E-21 3.46E-21 3.46E-21 3.46E-21 3.46E-21 3.46E-21
   0.50  0.262  3.51E-01 8.85E-01 1.78E+00 5.12E-01 3.03E-01 6.25E-02 5.77E-03 3.02E-04 1.19E-05 3.85E-07 8.94E-09 1.35E-10 1.30E-12 7.86E-15 2.99E-17 7.57E-20 5.00E-21 5.00E-21 5.00E-21 5.00E-21 5.00E-21 5.00E-21 5.00E-21 5.00E-21 5.00E-21 5.00E-21 5.00E-21 5.00E-21 5.00E-21 5.00E-21 5.00E-21 5.00E-21 5.00E-21
   0.75  0.321  6.97E-01 1.38E+00 3.27E+00 6.79E-01 5.14E-01 1.63E-01 2.86E-02 3.49E-03 3.52E-04 2.96E-05 1.93E-06 9.36E-08 3.32E-09 8.52E-11 1.58E-12 2.10E-14 2.01E-16 1.38E-18 1.11E-20 5.00E-21 5.00E-21 5.00E-21 5.00E-21 5.00E-21 5.00E-21 5.00E-21 5.00E-21 5.00E-21 5.00E-21 5.00E-21 5.00E-21 5.00E-21 5.00E-21
   1.00  0.371  1.18E+00 1.94E+00 5.23E+00 8.25E-01 7.40E-01 3.06E-01 7.47E-02 1.28E-02 1.74E-03 1.97E-04 1.81E-05 1.32E-06 7.39E-08 3.18E-09 1.04E-10 2.60E-12 4.89E-14 7.00E-16 7.52E-18 6.53E-20 5.00E-21 5.00E-21 5.00E-21 5.00E-21 5.00E-21 5.00E-21 5.00E-21 5.00E-21 5.00E-21 5.00E-21 5.00E-21 5.00E-21 5.00E-21
   1.25  0.415  1.83E+00 2.59E+00 7.73E+00 9.67E-01 9.78E-01 4.86E-01 1.49E-01 3.20E-02 5.38E-03 7.43E-04 8.56E-05 7.98E-06 5.97E-07 3.55E-08 1.67E-09 6.14E-11 1.77E-12 3.98E-14 7.03E-16 9.59E-18 1.06E-19 5.21E-21 5.00E-21 5.00E-21 5.00E-21 5.00E-21 5.00E-21 5.00E-21 5.00E-21 5.00E-21 5.00E-21 5.00E-21 5.00E-21
   1.50  0.454  2.69E+00 3.43E+00 1.10E+01 1.14E+00 1.25E+00 7.15E-01 2.59E-01 6.60E-02 1.29E-02 2.08E-03 2.82E-04 3.18E-05 2.95E-06 2.22E-07 1.36E-08 6.67E-10 2.63E-11 8.28E-13 2.10E-14 4.23E-16 6.80E-18 9.10E-20 5.28E-21 5.00E-21 5.00E-21 5.00E-21 5.00E-21 5.00E-21 5.00E-21 5.00E-21 5.00E-21 5.00E-21 5.00E-21
   1.75  0.490  3.80E+00 4.46E+00 1.54E+01 1.34E+00 1.58E+00 1.00E+00 4.11E-01 1.20E-01 2.68E-02 4.88E-03 7.47E-04 9.75E-05 1.07E-05 9.75E-07 7.36E-08 4.54E-09 2.30E-10 9.50E-12 3.21E-13 8.81E-15 1.96E-16 3.54E-18 5.64E-20 5.03E-21 5.00E-21 5.00E-21 5.00E-21 5.00E-21 5.00E-21 5.00E-21 5.00E-21 5.00E-21 5.00E-21
   2.00  0.524  5.24E+00 5.74E+00 2.10E+01 1.58E+00 1.96E+00 1.34E+00 6.13E-01 2.00E-01 5.03E-02 1.01E-02 1.72E-03 2.52E-04 3.16E-05 3.37E-06 3.02E-07 2.27E-08 1.41E-09 7.33E-11 3.14E-12 1.11E-13 3.25E-15 7.88E-17 1.57E-18 3.00E-20 5.00E-21 5.00E-21 5.00E-21 5.00E-21 5.00E-21 5.00E-21 5.00E-21 5.00E-21 5.00E-21
   2.25  0.556  7.07E+00 7.33E+00 2.81E+01 1.86E+00 2.41E+00 1.76E+00 8.77E-01 3.16E-01 8.72E-02 1.93E-02 3.60E-03 5.76E-04 8.07E-05 9.77E-06 1.02E-06 8.96E-08 6.68E-09 4.19E-10 2.20E-11 9.72E-13 3.59E-14 1.11E-15 2.86E-17 6.22E-19 1.55E-20 5.00E-21 5.00E-21 5.00E-21 5.00E-21 5.00E-21 5.00E-21 5.00E-21 5.00E-21
   2.50  0.586  9.39E+00 9.27E+00 3.73E+01 2.20E+00 2.94E+00 2.26E+00 1.21E+00 4.76E-01 1.44E-01 3.48E-02 6.99E-03 1.22E-03 1.86E-04 2.50E-05 2.94E-06 2.98E-07 2.59E-08 1.91E-09 1.20E-10 6.40E-12 2.90E-13 1.10E-14 3.57E-16 9.76E-18 2.29E-19 8.81E-21 5.00E-21 5.00E-21 5.00E-21 5.00E-21 5.00E-21 5.00E-21 5.00E-21
   2.75  0.615  1.23E+01 1.16E+01 4.88E+01 2.58E+00 3.56E+00 2.88E+00 1.63E+00 6.93E-01 2.27E-01 5.95E-02 1.29E-02 2.41E-03 3.97E-04 5.83E-05 7.57E-06 8.61E-07 8.54E-08 7.32E-09 5.38E-10 3.37E-11 1.82E-12 8.33E-14 3.28E-15 1.10E-16 3.15E-18 8.12E-20 6.11E-21 5.00E-21 5.00E-21 5.00E-21 5.00E-21 5.00E-21 5.00E-21
   3.00  0.642  1.59E+01 1.45E+01 6.33E+01 3.04E+00 4.28E+00 3.61E+00 2.15E+00 9.80E-01 3.45E-01 9.74E-02 2.28E-02 4.54E-03 8.00E-04 1.26E-04 1.78E-05 2.24E-06 2.48E-07 2.41E-08 2.03E-09 1.47E-10 9.27E-12 5.02E-13 2.35E-14 9.44E-16 3.27E-17 9.80E-19 2.94E-20 5.14E-21 5.00E-21 5.00E-21 5.00E-21 5.00E-21 5.00E-21
   3.25  0.668  2.04E+01 1.80E+01 8.15E+01 3.56E+00 5.15E+00 4.48E+00 2.81E+00 1.34E+00 5.10E-01 1.54E-01 3.87E-02 8.24E-03 1.54E-03 2.58E-04 3.90E-05 5.31E-06 6.53E-07 7.04E-08 6.69E-09 5.55E-10 4.01E-11 2.51E-12 1.37E-13 6.46E-15 2.65E-16 9.46E-18 2.96E-19 1.23E-20 5.00E-21 5.00E-21 5.00E-21 5.00E-21 5.00E-21
   3.50  0.694  2.60E+01 2.23E+01 1.04E+02 4.18E+00 6.16E+00 5.53E+00 3.61E+00 1.81E+00 7.31E-01 2.37E-01 6.35E-02 1.44E-02 2.86E-03 5.06E-04 8.12E-05 1.19E-05 1.57E-06 1.87E-07 1.97E-08 1.83E-09 1.50E-10 1.07E-11 6.69E-13 3.66E-14 1.75E-15 7.29E-17 2.66E-18 8.92E-20 6.90E-21 5.00E-21 5.00E-21 5.00E-21 5.00E-21
   3.75  0.718  3.29E+01 2.75E+01 1.32E+02 4.90E+00 7.31E+00 6.77E+00 4.58E+00 2.41E+00 1.03E+00 3.54E-01 1.01E-01 2.45E-02 5.14E-03 9.59E-04 1.62E-04 2.51E-05 3.56E-06 4.59E-07 5.30E-08 5.43E-09 4.96E-10 4.00E-11 2.82E-12 1.76E-13 9.63E-15 4.64E-16 1.97E-17 7.37E-19 2.84E-20 5.31E-21 5.00E-21 5.00E-21 5.00E-21
   4.00  0.741  4.13E+01 3.36E+01 1.67E+02 5.72E+00 8.68E+00 8.21E+00 5.78E+00 3.17E+00 1.40E+00 5.16E-01 1.57E-01 4.03E-02 8.96E-03 1.76E-03 3.13E-04 5.08E-05 7.62E-06 1.05E-06 1.31E-07 1.47E-08 1.48E-09 1.32E-10 1.05E-11 7.33E-13 4.55E-14 2.50E-15 1.21E-16 5.19E-18 2.01E-19 1.11E-20 5.00E-21 5.00E-21 5.00E-21
   4.25  0.764  5.16E+01 4.11E+01 2.10E+02 6.68E+00 1.03E+01 9.91E+00 7.20E+00 4.11E+00 1.90E+00 7.36E-01 2.37E-01 6.46E-02 1.52E-02 3.16E-03 5.87E-04 9.98E-05 1.57E-05 2.28E-06 3.04E-07 3.70E-08 4.04E-09 3.97E-10 3.48E-11 2.72E-12 1.88E-13 1.17E-14 6.39E-16 3.11E-17 1.35E-18 5.65E-20 6.39E-21 5.00E-21 5.00E-21
   4.50  0.786  6.40E+01 4.99E+01 2.63E+02 7.78E+00 1.21E+01 1.19E+01 8.91E+00 5.28E+00 2.54E+00 1.03E+00 3.50E-01 1.01E-01 2.52E-02 5.52E-03 1.08E-03 1.91E-04 3.13E-05 4.75E-06 6.71E-07 8.70E-08 1.03E-08 1.10E-09 1.05E-10 9.04E-12 6.95E-13 4.80E-14 2.94E-15 1.61E-16 7.87E-18 3.48E-19 1.80E-20 5.17E-21 5.00E-21
   4.75  0.808  7.92E+01 6.07E+01 3.27E+02 9.06E+00 1.43E+01 1.43E+01 1.09E+01 6.70E+00 3.36E+00 1.41E+00 5.07E-01 1.54E-01 4.07E-02 9.40E-03 1.92E-03 3.57E-04 6.09E-05 9.60E-06 1.42E-06 1.94E-07 2.44E-08 2.81E-09 2.92E-10 2.75E-11 2.32E-12 1.76E-13 1.20E-14 7.31E-16 4.00E-17 1.96E-18 9.08E-20 8.02E-21 5.00E-21
   5.00  0.829  9.76E+01 7.36E+01 4.06E+02 1.05E+01 1.68E+01 1.71E+01 1.34E+01 8.44E+00 4.39E+00 1.92E+00 7.23E-01 2.31E-01 6.40E-02 1.56E-02 3.36E-03 6.51E-04 1.15E-04 1.89E-05 2.90E-06 4.15E-07 5.52E-08 6.78E-09 7.56E-10 7.68E-11 7.07E-12 5.86E-13 4.39E-14 2.96E-15 1.79E-16 9.78E-18 4.84E-19 2.59E-20 5.55E-21
   5.50  0.869  1.51E+02 1.07E+02 6.17E+02 1.42E+01 2.30E+01 2.42E+01 1.97E+01 1.31E+01 7.23E+00 3.42E+00 1.41E+00 4.97E-01 1.52E-01 4.11E-02 9.82E-03 2.09E-03 4.03E-04 7.16E-05 1.17E-05 1.81E-06 2.62E-07 3.55E-08 4.50E-09 5.22E-10 5.64E-11 5.49E-12 4.87E-13 3.95E-14 2.90E-15 1.93E-16 1.16E-17 6.40E-19 3.60E-20
   6.00  0.908  2.28E+02 1.54E+02 9.26E+02 1.91E+01 3.13E+01 3.38E+01 2.84E+01 1.98E+01 1.16E+01 5.85E+00 2.54E+00 9.89E-01 3.30E-01 9.75E-02 2.55E-02 5.94E-03 1.25E-03 2.39E-04 4.21E-05 6.87E-06 1.06E-06 1.54E-07 2.11E-08 2.71E-09 3.25E-10 3.60E-11 3.68E-12 3.45E-13 2.95E-14 2.31E-15 1.65E-16 1.07E-17 6.41E-19
   6.50  0.945  3.38E+02 2.20E+02 1.38E+03 2.55E+01 4.24E+01 4.68E+01 4.06E+01 2.94E+01 1.81E+01 9.64E+00 4.47E+00 1.82E+00 6.73E-01 2.15E-01 6.15E-02 1.57E-02 3.59E-03 7.44E-04 1.41E-04 2.46E-05 3.99E-06 6.11E-07 8.87E-08 1.22E-08 1.58E-09 1.93E-10 2.20E-11 2.33E-12 2.27E-13 2.05E-14 1.69E-15 1.28E-16 8.88E-18
   7.00  0.981  4.93E+02 3.11E+02 2.03E+03 3.40E+01 5.73E+01 6.43E+01 5.74E+01 4.29E+01 2.76E+01 1.54E+01 7.57E+00 3.29E+00 1.30E+00 4.48E-01 1.38E-01 3.82E-02 9.50E-03 2.14E-03 4.37E-04 8.17E-05 1.41E-05 2.29E-06 3.48E-07 5.04E-08 6.88E-09 9.01E-10 1.11E-10 1.29E-11 1.41E-12 1.42E-13 1.33E-14 1.15E-15 9.17E-17
   7.50  1.015  7.13E+02 4.39E+02 2.96E+03 4.51E+01 7.65E+01 8.77E+01 8.03E+01 6.19E+01 4.12E+01 2.41E+01 1.25E+01 5.70E+00 2.34E+00 8.83E-01 2.92E-01 8.73E-02 2.34E-02 5.70E-03 1.26E-03 2.54E-04 4.73E-05 8.10E-06 1.30E-06 1.95E-07 2.80E-08 3.83E-09 5.02E-10 6.24E-11 7.36E-12 8.16E-13 8.45E-14 8.16E-15 7.36E-16
   8.00  1.049  1.02E+03 6.13E+02 4.28E+03 5.99E+01 1.02E+02 1.19E+02 1.11E+02 8.81E+01 6.08E+01 3.69E+01 1.99E+01 9.61E+00 4.17E+00 1.66E+00 5.86E-01 1.87E-01 5.39E-02 1.42E-02 3.38E-03 7.33E-04 1.47E-04 2.68E-05 4.58E-06 7.24E-07 1.09E-07 1.55E-08 2.10E-09 2.74E-10 3.41E-11 4.05E-12 4.55E-13 4.84E-14 4.79E-15
   8.50  1.081  1.45E+03 8.55E+02 6.15E+03 7.91E+01 1.36E+02 1.61E+02 1.53E+02 1.24E+02 8.83E+01 5.55E+01 3.12E+01 1.58E+01 7.18E+00 2.95E+00 1.13E+00 3.82E-01 1.18E-01 3.30E-02 8.44E-03 1.97E-03 4.23E-04 8.33E-05 1.51E-05 2.55E-06 4.02E-07 5.98E-08 8.41E-09 1.14E-09 1.47E-10 1.83E-11 2.18E-12 2.48E-13 2.67E-14
   9.00  1.112  2.04E+03 1.19E+03 8.78E+03 1.04E+02 1.81E+02 2.16E+02 2.10E+02 1.74E+02 1.27E+02 8.24E+01 4.78E+01 2.52E+01 1.20E+01 5.18E+00 2.03E+00 7.45E-01 2.44E-01 7.28E-02 1.99E-02 4.99E-03 1.14E-03 2.41E-04 4.66E-05 8.44E-06 1.41E-06 2.20E-07 3.25E-08 4.56E-09 6.10E-10 7.81E-11 9.65E-12 1.15E-12 1.31E-13
   9.50  1.143  2.86E+03 1.64E+03 1.25E+04 1.37E+02 2.40E+02 2.90E+02 2.85E+02 2.41E+02 1.80E+02 1.20E+02 7.23E+01 3.94E+01 1.95E+01 8.81E+00 3.62E+00 1.39E+00 4.81E-01 1.52E-01 4.42E-02 1.18E-02 2.89E-03 6.50E-04 1.35E-04 2.60E-05 4.64E-06 7.70E-07 1.19E-07 1.75E-08 2.43E-09 3.22E-10 4.10E-11 5.02E-12 5.94E-13
  10.00  1.172  3.99E+03 2.25E+03 1.76E+04 1.80E+02 3.18E+02 3.87E+02 3.86E+02 3.32E+02 2.54E+02 1.74E+02 1.07E+02 6.04E+01 3.11E+01 1.46E+01 6.26E+00 2.47E+00 9.14E-01 3.05E-01 9.33E-02 2.64E-02 6.88E-03 1.65E-03 3.66E-04 7.51E-05 1.43E-05 2.52E-06 4.16E-07 6.40E-08 9.31E-09 1.28E-09 1.68E-10 2.13E-11 2.58E-12
  11.00  1.230  8.19E+03 4.20E+03 3.44E+04 3.08E+02 5.51E+02 6.80E+02 6.98E+02 6.20E+02 4.90E+02 3.51E+02 2.28E+02 1.36E+02 7.44E+01 3.73E+01 1.73E+01 7.36E+00 3.02E+00 1.11E+00 3.74E-01 1.18E-01 3.41E-02 9.19E-03 2.30E-03 5.33E-04 1.15E-04 2.31E-05 4.31E-06 7.49E-07 1.22E-07 1.87E-08 2.68E-09 3.65E-10 4.73E-11
  12.00  1.284  1.59E+04 7.73E+03 6.60E+04 5.23E+02 9.45E+02 1.19E+03 1.24E+03 1.13E+03 9.24E+02 6.84E+02 4.65E+02 2.90E+02 1.67E+02 8.89E+01 4.38E+01 2.00E+01 8.48E+00 3.34E+00 1.27E+00 4.36E-01 1.39E-01 4.12E-02 1.14E-02 2.94E-03 7.06E-04 1.58E-04 3.32E-05 6.48E-06 1.19E-06 2.04E-07 3.27E-08 4.92E-09 7.01E-10
  13.00  1.337  2.99E+04 1.40E+04 1.24E+05 8.84E+02 1.60E+03 2.04E+03 2.17E+03 2.02E+03 1.69E+03 1.30E+03 9.12E+02 5.92E+02 3.56E+02 1.99E+02 1.03E+02 4.99E+01 2.26E+01 9.51E+00 3.74E+00 1.42E+00 4.91E-01 1.58E-01 4.76E-02 1.35E-02 3.56E-03 8.81E-04 2.04E-04 4.44E-05 9.05E-06 1.73E-06 3.11E-07 5.26E-08 8.32E-09
  14.00  1.387  5.48E+04 2.49E+04 2.30E+05 1.48E+03 2.70E+03 3.48E+03 3.74E+03 3.56E+03 3.05E+03 2.40E+03 1.74E+03 1.17E+03 7.29E+02 4.25E+02 2.31E+02 1.18E+02 5.60E+01 2.49E+01 1.04E+01 4.07E+00 1.55E+00 5.34E-01 1.74E-01 5.33E-02 1.53E-02 4.12E-03 1.05E-03 2.49E-04 5.61E-05 1.18E-05 2.34E-06 4.38E-07 7.73E-08
  15.00  1.436  9.87E+04 4.39E+04 4.18E+05 2.46E+03 4.51E+03 5.86E+03 6.38E+03 6.18E+03 5.41E+03 4.34E+03 3.23E+03 2.23E+03 1.44E+03 8.71E+02 4.91E+02 2.61E+02 1.30E+02 6.07E+01 2.68E+01 1.11E+01 4.32E+00 1.64E+00 5.68E-01 1.86E-01 5.76E-02 1.67E-02 4.57E-03 1.18E-03 2.88E-04 6.65E-05 1.45E-05 2.96E-06 5.74E-07
  16.00  1.483  1.75E+05 7.62E+04 7.49E+05 4.06E+03 7.46E+03 9.81E+03 1.08E+04 1.06E+04 9.39E+03 7.70E+03 5.87E+03 4.15E+03 2.76E+03 1.72E+03 1.00E+03 5.52E+02 2.87E+02 1.40E+02 6.45E+01 2.81E+01 1.15E+01 4.47E+00 1.69E+00 5.88E-01 1.93E-01 6.00E-02 1.75E-02 4.90E-03 1.28E-03 3.19E-04 7.50E-05 1.67E-05 3.53E-06
  17.00  1.529  3.06E+05 1.31E+05 1.32E+06 6.64E+03 1.23E+04 1.62E+04 1.80E+04 1.78E+04 1.61E+04 1.34E+04 1.04E+04 7.55E+03 5.15E+03 3.29E+03 1.98E+03 1.13E+03 6.05E+02 3.07E+02 1.48E+02 6.69E+01 2.88E+01 1.17E+01 4.52E+00 1.70E+00 5.88E-01 1.94E-01 6.05E-02 1.79E-02 5.04E-03 1.34E-03 3.38E-04 8.08E-05 1.84E-05
  18.00  1.573  5.28E+05 2.22E+05 2.30E+06 1.07E+04 2.00E+04 2.65E+04 2.97E+04 2.97E+04 2.72E+04 2.30E+04 1.82E+04 1.34E+04 9.36E+03 6.15E+03 3.81E+03 2.23E+03 1.24E+03 6.47E+02 3.22E+02 1.52E+02 6.79E+01 2.89E+01 1.16E+01 4.46E+00 1.67E+00 5.79E-01 1.90E-01 5.96E-02 1.77E-02 5.00E-03 1.35E-03 3.44E-04 8.37E-05
  19.00  1.616  9.01E+05 3.73E+05 3.95E+06 1.73E+04 3.22E+04 4.30E+04 4.86E+04 4.91E+04 4.54E+04 3.89E+04 3.13E+04 2.36E+04 1.67E+04 1.12E+04 7.10E+03 4.27E+03 2.43E+03 1.32E+03 6.76E+02 3.29E+02 1.53E+02 6.75E+01 2.83E+01 1.13E+01 4.30E+00 1.60E+00 5.51E-01 1.82E-01 5.68E-02 1.70E-02 4.82E-03 1.31E-03 3.38E-04
  20.00  1.658  1.52E+06 6.20E+05 6.71E+06 2.76E+04 5.16E+04 6.90E+04 7.86E+04 8.00E+04 7.50E+04 6.49E+04 5.28E+04 4.05E+04 2.93E+04 2.00E+04 1.30E+04 7.96E+03 4.66E+03 2.59E+03 1.37E+03 6.90E+02 3.30E+02 1.50E+02 6.56E+01 2.72E+01 1.07E+01 4.05E+00 1.50E+00 5.18E-01 1.69E-01 5.31E-02 1.59E-02 4.53E-03 1.24E-03
  22.50  1.759  6.82E+06 2.12E+06 2.41E+07 8.64E+04 1.62E+05 2.20E+05 2.53E+05 2.62E+05 2.51E+05 2.23E+05 1.87E+05 1.48E+05 1.11E+05 7.91E+04 5.36E+04 3.46E+04 2.13E+04 1.25E+04 7.04E+03 3.76E+03 1.93E+03 9.45E+02 4.45E+02 2.00E+02 8.59E+01 3.53E+01 1.40E+01 5.49E+00 1.99E+00 6.95E-01 2.31E-01 7.38E-02 2.25E-02
  25.00  1.854  2.39E+07 6.85E+06 8.13E+07 2.59E+05 4.88E+05 6.67E+05 7.78E+05 8.16E+05 7.96E+05 7.23E+05 6.17E+05 5.01E+05 3.88E+05 2.86E+05 2.01E+05 1.35E+05 8.62E+04 5.31E+04 3.13E+04 1.76E+04 9.57E+03 4.94E+03 2.48E+03 1.18E+03 5.43E+02 2.40E+02 1.02E+02 4.15E+01 1.62E+01 6.37E+00 2.30E+00 8.02E-01 2.69E-01
  30.00  2.031  3.38E+08 6.28E+07 7.98E+08 2.09E+06 3.97E+06 5.47E+06 6.49E+06 6.97E+06 6.96E+06 6.53E+06 5.80E+06 4.88E+06 3.94E+06 3.04E+06 2.25E+06 1.60E+06 1.09E+06 7.16E+05 4.54E+05 2.77E+05 1.62E+05 9.18E+04 5.01E+04 2.64E+04 1.34E+04 6.56E+03 3.09E+03 1.41E+03 6.19E+02 2.64E+02 1.08E+02 4.50E+01 1.72E+01
  40.00  2.345  3.51E+10 3.48E+09 4.88E+10 9.61E+07 1.84E+08 2.57E+08 3.11E+08 3.43E+08 3.53E+08 3.43E+08 3.19E+08 2.83E+08 2.41E+08 1.98E+08 1.56E+08 1.19E+08 8.80E+07 6.28E+07 4.35E+07 2.91E+07 1.89E+07 1.19E+07 7.27E+06 4.30E+06 2.47E+06 1.38E+06 7.43E+05 3.91E+05 1.99E+05 9.89E+04 4.75E+04 2.22E+04 1.00E+04
  50.00  2.622  1.32E+12 1.28E+11 1.94E+12 3.11E+09 5.99E+09 8.47E+09 1.04E+10 1.16E+10 1.22E+10 1.21E+10 1.15E+10 1.05E+10 9.29E+09 7.87E+09 6.51E+09 5.20E+09 4.02E+09 3.02E+09 2.20E+09 1.57E+09 1.08E+09 7.27E+08 4.75E+08 3.02E+08 1.87E+08 1.13E+08 6.62E+07 3.80E+07 2.12E+07 1.15E+07 6.12E+06 3.15E+06 1.58E+06
  60.00  2.872  3.67E+13 3.54E+12 5.63E+13 7.71E+10 1.49E+11 2.12E+11 2.61E+11 2.96E+11 3.15E+11 3.18E+11 3.09E+11 2.88E+11 2.59E+11 2.27E+11 1.92E+11 1.58E+11 1.26E+11 9.83E+10 7.45E+10 5.50E+10 3.97E+10 2.79E+10 1.91E+10 1.28E+10 8.35E+09 5.29E+09 3.30E+09 2.01E+09 1.19E+09 6.93E+08 3.91E+08 2.16E+08 1.17E+08
  70.00  3.102  8.13E+14 7.76E+13 1.29E+15 1.55E+12 3.01E+12 4.29E+12 5.33E+12 6.11E+12 6.55E+12 6.69E+12 6.59E+12 6.25E+12 5.71E+12 5.08E+12 4.39E+12 3.70E+12 3.03E+12 2.42E+12 1.89E+12 1.44E+12 1.07E+12 7.75E+11 5.51E+11 3.82E+11 2.60E+11 1.72E+11 1.12E+11 7.10E+10 4.41E+10 2.68E+10 1.59E+10 9.28E+09 5.29E+09
  80.00  3.316  1.49E+16 1.41E+15 2.44E+16 2.63E+13 5.14E+13 7.34E+13 9.15E+13 1.05E+14 1.13E+14 1.17E+14 1.16E+14 1.12E+14 1.04E+14 9.39E+13 8.21E+13 7.04E+13 5.91E+13 4.81E+13 3.84E+13 2.99E+13 2.28E+13 1.70E+13 1.24E+13 8.83E+12 6.20E+12 4.24E+12 2.85E+12 1.87E+12 1.20E+12 7.60E+11 4.71E+11 2.85E+11 1.69E+11
  90.00  3.517  2.35E+17 2.20E+16 3.93E+17 3.84E+14 7.49E+14 1.08E+15 1.35E+15 1.56E+15 1.69E+15 1.76E+15 1.77E+15 1.71E+15 1.61E+15 1.47E+15 1.31E+15 1.14E+15 9.64E+14 8.02E+14 6.51E+14 5.19E+14 4.02E+14 3.06E+14 2.28E+14 1.67E+14 1.20E+14 8.41E+13 5.81E+13 3.93E+13 2.61E+13 1.69E+13 1.08E+13 6.78E+12 4.18E+12
 100.00  3.707  3.23E+18 3.00E+17 5.52E+18 4.95E+15 9.66E+15 1.39E+16 1.75E+16 2.03E+16 2.23E+16 2.33E+16 2.35E+16 2.29E+16 2.18E+16 2.01E+16 1.81E+16 1.59E+16 1.37E+16 1.15E+16 9.50E+15 7.64E+15 6.07E+15 4.70E+15 3.57E+15 2.67E+15 1.95E+15 1.40E+15 9.88E+14 6.85E+14 4.67E+14 3.11E+14 2.04E+14 1.31E+14 8.36E+13
 110.00  3.888  3.96E+19 3.64E+18 6.89E+19 5.74E+16 1.12E+17 1.61E+17 2.03E+17 2.36E+17 2.61E+17 2.74E+17 2.78E+17 2.74E+17 2.61E+17 2.44E+17 2.22E+17 1.97E+17 1.71E+17 1.46E+17 1.22E+17 9.95E+16 7.99E+16 6.32E+16 4.87E+16 3.70E+16 2.76E+16 2.02E+16 1.45E+16 1.03E+16 7.15E+15 4.87E+15 3.26E+15 2.15E+15 1.40E+15
 120.00  4.061  4.39E+20 3.99E+19 7.73E+20 5.99E+17 1.17E+18 1.69E+18 2.14E+18 2.50E+18 2.76E+18 2.92E+18 2.98E+18 2.95E+18 2.84E+18 2.66E+18 2.44E+18 2.19E+18 1.92E+18 1.65E+18 1.40E+18 1.16E+18 9.42E+17 7.51E+17 5.89E+17 4.54E+17 3.44E+17 2.55E+17 1.87E+17 1.35E+17 9.51E+16 6.62E+16 4.54E+16 3.06E+16 2.03E+16
 130.00  4.227  4.42E+21 3.98E+20 7.89E+21 5.75E+18 1.12E+19 1.62E+19 2.05E+19 2.41E+19 2.67E+19 2.84E+19 2.91E+19 2.89E+19 2.80E+19 2.65E+19 2.45E+19 2.21E+19 1.96E+19 1.70E+19 1.45E+19 1.21E+19 9.97E+18 8.05E+18 6.38E+18 5.01E+18 3.83E+18 2.90E+18 2.15E+18 1.57E+18 1.13E+18 8.00E+17 5.59E+17 3.83E+17 2.58E+17
 140.00  4.387  4.10E+22 3.66E+21 7.40E+22 5.06E+19 9.88E+19 1.44E+20 1.82E+20 2.14E+20 2.38E+20 2.54E+20 2.61E+20 2.61E+20 2.54E+20 2.42E+20 2.25E+20 2.05E+20 1.83E+20 1.60E+20 1.38E+20 1.16E+20 9.68E+19 7.91E+19 6.34E+19 5.01E+19 3.89E+19 2.97E+19 2.24E+19 1.66E+19 1.21E+19 8.69E+18 6.14E+18 4.29E+18 2.95E+18
 150.00  4.541  3.53E+23 3.12E+22 6.42E+23 4.15E+20 8.12E+20 1.18E+21 1.50E+21 1.77E+21 1.97E+21 2.11E+21 2.18E+21 2.19E+21 2.14E+21 2.05E+21 1.91E+21 1.76E+21 1.58E+21 1.39E+21 1.20E+21 1.03E+21 8.60E+20 7.08E+20 5.75E+20 4.59E+20 3.61E+20 2.79E+20 2.13E+20 1.60E+20 1.18E+20 8.60E+19 6.19E+19 4.37E+19 3.04E+19

