 62Cu   62   29  149  235   60    8    8.874450    5.854610
  1   0.000000   1.0  1  5.802E+02  0 u                      1+  1 =  1.0000E+02 %EC+%B+                                                                                                                                                                                                        0.000000       
  2   0.040830   2.0  1  4.570E-09  1 u                      2+  0                                                                                                                                                                                                                              0.000000       
                                          1      0.041  6.072E-01  1.000E+00  6.470E-01
  3   0.243420   2.0  1  1.000E-15  2 u                      2+  0                                                                                                                                                                                                                              0.000000       
                                          2      0.203  4.226E-03  4.332E-03  2.500E-02
                                          1      0.243  9.829E-01  9.957E-01  1.300E-02
  4   0.287810   2.0  1  1.000E-15  1 u                      2+  0                                                                                                                                                                                                                              0.000000       
                                          2      0.247  9.872E-01  1.000E+00  1.300E-02
  5   0.390120   4.0  1  1.100E-08  2 u                      4+  0                                                                                                                                                                                                                              0.000000       
                                          3      0.147  3.254E-02  3.719E-02  1.429E-01
                                          2      0.349  9.571E-01  9.628E-01  5.950E-03
  6   0.426180   3.0  1  1.600E-13  1 u                      3+  0                                                                                                                                                                                                                              0.000000       
                                          2      0.385  9.982E-01  1.000E+00  1.820E-03
  7   0.548310   1.0  1  1.700E-13  4 u                      1+  0                                                                                                                                                                                                                              0.000000       
                                          4      0.260  4.231E-02  4.250E-02  4.570E-03
                                          3      0.305  9.135E-03  9.164E-03  3.110E-03
                                          2      0.508  4.664E-01  4.670E-01  1.300E-03
                                          1      0.548  4.808E-01  4.813E-01  1.100E-03
  8   0.637460   1.0  1  1.500E-13  4 u                      1+  0                                                                                                                                                                                                                              0.000000       
                                          4      0.350  1.553E-02  1.556E-02  2.250E-03
                                          3      0.394  7.718E-02  7.740E-02  2.800E-03
                                          2      0.597  8.975E-01  8.982E-01  8.600E-04
                                          1      0.637  8.795E-03  8.802E-03  7.200E-04
  9   0.644820   2.0  1  1.000E-15  1 u                    (2+)  0                                                                                                                                                                                                                              0.000000       
                                          1      0.645  9.994E-01  1.000E+00  5.740E-04
 10   0.674960   3.0  1  1.000E-15  4 u                      3+  0                                                                                                                                                                                                                              0.000000       
                                          5      0.285  1.589E-01  1.595E-01  3.730E-03
                                          3      0.432  4.539E-01  4.545E-01  1.380E-03
                                          2      0.634  3.858E-01  3.860E-01  5.890E-04
                                          1      0.675  0.000E+00  0.000E+00  7.700E-04
 11   0.698310   3.0  1  1.000E-15  4 u                    (3)+  0                                                                                                                                                                                                                              0.000000       
                                          6      0.272  2.533E-01  2.550E-01  6.820E-03
                                          3      0.455  3.546E-01  3.551E-01  1.354E-03
                                          2      0.657  3.897E-01  3.899E-01  5.380E-04
                                          1      0.698  0.000E+00  0.000E+00  7.000E-04
 12   0.727720   2.0  1  1.000E-15  4 u                      2+  0                                                                                                                                                                                                                              0.000000       
                                          4      0.440  1.020E-01  1.023E-01  2.000E-03
                                          3      0.484  5.371E-01  5.377E-01  1.060E-03
                                          2      0.687  3.599E-01  3.601E-01  6.000E-04
                                          1      0.728  0.000E+00  0.000E+00  4.650E-04
 13   0.755950   2.0  1  1.000E-15  1 u                    (2+)  0                                                                                                                                                                                                                              0.000000       
                                          1      0.756  9.996E-01  1.000E+00  4.110E-04
 14   0.915330   2.0  1  1.000E-15  5 u                      2+  0                                                                                                                                                                                                                              0.000000       
                                         13      0.159  0.000E+00  0.000E+00  6.000E-02
                                          6      0.489  4.346E-01  4.352E-01  1.500E-03
                                          4      0.628  2.130E-02  2.131E-02  7.500E-04
                                          3      0.672  1.217E-01  1.218E-01  6.300E-04
                                          1      0.915  4.216E-01  4.217E-01  3.000E-04
 15   0.982700   3.0  1  1.000E-15  3 u                      3+  0                                                                                                                                                                                                                              0.000000       
                                          6      0.557  1.981E-01  1.983E-01  1.000E-03
                                          5      0.592  3.511E-01  3.514E-01  8.800E-04
                                          2      0.942  4.502E-01  4.503E-01  2.800E-04
 16   1.023020   2.0  1  1.000E-15  3 u                      2+  0                                                                                                                                                                                                                              0.000000       
                                          3      0.780  3.999E-01  4.000E-01  4.400E-04
                                          2      0.982  9.997E-02  9.999E-02  2.550E-04
                                          1      1.023  4.998E-01  5.000E-01  2.330E-04
 17   1.051600   1.0 -1  1.000E-15  1 g                       +  0                                                                                                                                                                                                                              0.000000       
                                         10      0.377  9.881E-01  1.000E+00  1.200E-02
 18   1.077200   2.0  1  1.000E-15  3 u                      2+  0                                                                                                                                                                                                                              0.000000       
                                          5      0.687  5.949E-01  5.954E-01  7.300E-04
                                          3      0.834  0.000E+00  0.000E+00  3.700E-04
                                          2      1.036  4.045E-01  4.046E-01  2.270E-04
 19   1.141660   2.0  1  1.000E-15  5 c                   2+,3+  0                                                                                                                                                                                                                              0.000000       
                                          7      0.594  0.000E+00  0.000E+00  8.700E-04
                                          6      0.716  2.998E-01  3.000E-01  5.400E-04
                                          5      0.752  4.997E-01  5.000E-01  5.710E-04
                                          3      0.898  1.999E-01  2.000E-01  3.100E-04
                                          2      1.101  0.000E+00  0.000E+00  2.000E-04
 20   1.144100   2.0  1  1.000E-15  2 c                   2+,3+  0                                                                                                                                                                                                                              0.000000       
                                         10      0.469  0.000E+00  0.000E+00  1.700E-03
                                          5      0.754  0.000E+00  0.000E+00  5.660E-04
 21   1.170000   2.0  1  1.000E-15  0 u                      2+  0                                                                                                                                                                                                                              0.000000       
 22   1.221510   3.0  1  1.000E-15  1 g                       +  0                                                                                                                                                                                                                              0.000000       
                                          1      1.222  9.998E-01  1.000E+00  1.850E-04
 23   1.248650   4.0  1  1.000E-15  5 u                    (4)+  0                                                                                                                                                                                                                              0.000000       
                                         10      0.573  1.490E-01  1.492E-01  9.600E-04
                                          6      0.822  3.104E-01  3.106E-01  3.800E-04
                                          5      0.859  4.036E-02  4.037E-02  3.500E-04
                                          3      1.006  1.024E-01  1.025E-01  2.710E-04
                                          2      1.208  3.974E-01  3.974E-01  1.870E-04
 24   1.285030   3.0  1  1.000E-15  3 c                  (2,3)+  0                                                                                                                                                                                                                              0.000000       
                                         11      0.587  0.000E+00  0.000E+00  9.000E-04
                                          6      0.859  0.000E+00  0.000E+00  3.500E-04
                                          4      0.997  0.000E+00  0.000E+00  2.470E-04
 25   1.346300   2.0  1  1.000E-15  4 u                    (2)+  0                                                                                                                                                                                                                              0.000000       
                                         12      0.618  0.000E+00  0.000E+00  7.900E-04
                                         10      0.667  0.000E+00  0.000E+00  6.400E-04
                                          3      1.103  0.000E+00  0.000E+00  1.990E-04
                                          2      1.303  0.000E+00  0.000E+00  1.650E-04
 26   1.354300   1.0  1  1.000E-15  4 g                          0                                                                                                                                                                                                                              0.000000       
                                         14      0.439  2.007E-01  2.011E-01  2.000E-03
                                          9      0.710  2.174E-01  2.175E-01  5.500E-04
                                          6      0.928  1.631E-01  1.631E-01  3.300E-04
                                          4      1.066  4.181E-01  4.182E-01  2.130E-04
 27   1.367000   2.0  1  1.000E-15  1 g                          0                                                                                                                                                                                                                              0.000000       
                                          2      1.326  9.998E-01  1.000E+00  1.650E-04
 28   1.370480   5.0  1  2.000E-12  2 u                      5+  0                                                                                                                                                                                                                              0.000000       
                                          6      0.944  1.708E-01  1.708E-01  3.160E-04
                                          5      0.980  8.290E-01  8.292E-01  2.420E-04
 29   1.373900   1.0  1  1.000E-15  2 c                   1,2,3  0                                                                                                                                                                                                                              0.000000       
                                          4      1.086  0.000E+00  0.000E+00  2.050E-04
                                          3      1.130  0.000E+00  0.000E+00  1.890E-04
 30   1.395000   2.0 -1  1.000E-15  0 n                     (+)  0                                                                                                                                                                                                                              0.000000       
 31   1.403300   2.0  1  1.000E-15  3 c                 2+,3,4+  0                                                                                                                                                                                                                              0.000000       
                                         10      0.728  0.000E+00  0.000E+00  5.200E-04
                                          5      1.013  0.000E+00  0.000E+00  2.660E-04
                                          2      1.363  0.000E+00  0.000E+00  1.660E-04
 32   1.410200   1.0 -1  1.000E-15  1 g                       +  0                                                                                                                                                                                                                              0.000000       
                                         15      0.428  9.930E-01  1.000E+00  7.000E-03
 33   1.416100   2.0 -1  1.000E-15  5 g                          0                                                                                                                                                                                                                              0.000000       
                                         12      0.689  0.000E+00  0.000E+00  2.620E-04
                                         11      0.718  0.000E+00  0.000E+00  2.380E-04
                                         10      0.741  0.000E+00  0.000E+00  2.220E-04
                                          3      1.173  0.000E+00  0.000E+00  1.230E-04
                                          2      1.375  0.000E+00  0.000E+00  2.320E-04
 34   1.427500   3.0  1  1.000E-15  2 g                          0                                                                                                                                                                                                                              0.000000       
                                         10      0.753  0.000E+00  0.000E+00  4.800E-04
                                          2      1.392  0.000E+00  0.000E+00  1.670E-04
 35   1.429570   1.0  1  1.000E-15  7 u                      1+  0                                                                                                                                                                                                                              0.000000       
                                         11      0.731  2.413E-02  2.415E-02  6.150E-04
                                          8      0.792  8.963E-02  8.967E-02  4.200E-04
                                          7      0.881  1.448E-01  1.448E-01  3.300E-04
                                          4      1.142  3.447E-01  3.448E-01  1.860E-04
                                          3      1.186  3.792E-02  3.793E-02  1.750E-04
                                          2      1.389  8.274E-02  8.275E-02  1.670E-04
                                          1      1.430  2.758E-01  2.758E-01  1.710E-04
 36   1.433000   2.0  1  1.000E-15  4 c                   1+,2+  0                                                                                                                                                                                                                              0.000000       
                                         11      0.735  0.000E+00  0.000E+00  5.000E-04
                                         10      0.758  0.000E+00  0.000E+00  4.700E-04
                                          7      0.885  0.000E+00  0.000E+00  3.200E-04
                                          6      1.007  0.000E+00  0.000E+00  2.420E-04
 37   1.485720   3.0  1  1.000E-15  3 c                3+,4+,5+  0                                                                                                                                                                                                                              0.000000       
                                         10      0.812  2.027E-01  2.028E-01  4.000E-04
                                          6      1.058  6.991E-01  6.993E-01  2.160E-04
                                          5      1.095  9.788E-02  9.790E-02  2.010E-04
 38   1.504900   1.0  1  1.000E-15  1 g                          0                                                                                                                                                                                                                              0.000000       
                                         12      0.777  9.996E-01  1.000E+00  4.400E-04
 39   1.507300   2.0 -1  1.000E-15  1 g                          0                                                                                                                                                                                                                              0.000000       
                                         10      0.832  9.998E-01  1.000E+00  1.730E-04
 40   1.511200   2.0  1  1.000E-15  3 c                (2,3,4)+  0                                                                                                                                                                                                                              0.000000       
                                          6      1.086  0.000E+00  0.000E+00  2.050E-04
                                          5      1.120  0.000E+00  0.000E+00  2.120E-04
                                          2      1.469  0.000E+00  0.000E+00  1.760E-04
 41   1.525910   1.0  1  1.000E-15  3 u                      1+  0                                                                                                                                                                                                                              0.000000       
                                         11      0.828  3.229E-01  3.230E-01  4.420E-04
                                          2      1.485  5.589E-02  5.590E-02  1.790E-04
                                          1      1.526  6.210E-01  6.211E-01  1.880E-04
 42   1.568060   2.0 -1  1.000E-15  4 c                   2-,3-  0                                                                                                                                                                                                                              0.000000       
                                         10      0.892  0.000E+00  0.000E+00  1.500E-04
                                          6      1.142  0.000E+00  0.000E+00  1.130E-04
                                          3      1.325  0.000E+00  0.000E+00  2.040E-04
                                          2      1.527  0.000E+00  0.000E+00  3.310E-04
 43   1.581600   1.0 -1  1.000E-15  4 g                       -  0                                                                                                                                                                                                                              0.000000       
                                         11      0.883  0.000E+00  0.000E+00  7.500E-04
                                          6      1.155  0.000E+00  0.000E+00  3.680E-04
                                          4      1.294  0.000E+00  0.000E+00  1.860E-04
                                          3      1.338  0.000E+00  0.000E+00  2.110E-04
 44   1.587000   1.0  1  1.000E-15  0 c                  (0:3)+  0                                                                                                                                                                                                                              0.000000       
 45   1.677610   5.0  1  1.000E-15  5 u                    (5+)  0                                                                                                                                                                                                                              0.000000       
                                         37      0.190  6.843E-02  7.233E-02  5.700E-02
                                         23      0.429  2.986E-01  2.993E-01  2.200E-03
                                         10      1.002  1.369E-01  1.369E-01  2.730E-04
                                          6      1.251  3.110E-01  3.111E-01  1.820E-04
                                          5      1.288  1.804E-01  1.804E-01  1.585E-04
 46   1.678300   3.0  1  1.000E-15  3 c                (0:3)(+)  0                                                                                                                                                                                                                              0.000000       
                                         13      0.922  2.874E-01  2.875E-01  2.900E-04
                                          8      1.040  6.248E-01  6.250E-01  2.500E-04
                                          3      1.434  8.748E-02  8.749E-02  1.710E-04
 47   1.679100   3.0  1  1.000E-15  2 g                          0                                                                                                                                                                                                                              0.000000       
                                         12      0.951  0.000E+00  0.000E+00  2.700E-04
                                         11      0.981  0.000E+00  0.000E+00  2.560E-04
 48   1.682100   2.0 -1  1.000E-15  2 u                    (2-)  0                                                                                                                                                                                                                              0.000000       
                                         11      0.984  0.000E+00  0.000E+00  1.230E-04
                                          4      1.395  0.000E+00  0.000E+00  2.430E-04
 49   1.710510   2.0  1  1.000E-15  3 c                1+,2+,3+  0                                                                                                                                                                                                                              0.000000       
                                         10      1.035  8.865E-02  8.867E-02  2.270E-04
                                          6      1.284  4.186E-01  4.187E-01  1.650E-04
                                          1      1.710  4.925E-01  4.926E-01  2.390E-04
 50   1.736300   3.0 -1  1.000E-15  1 g                          0                                                                                                                                                                                                                              0.000000       
                                         10      1.061  9.999E-01  1.000E+00  1.070E-04
 51   1.745000   4.0  1  1.000E-15  1 g                       +  0                                                                                                                                                                                                                              0.000000       
                                         11      1.047  9.998E-01  1.000E+00  2.220E-04
 52   1.759500   1.0  1  1.000E-15  2 g                          0                                                                                                                                                                                                                              0.000000       
                                         11      1.060  0.000E+00  0.000E+00  2.390E-04
                                          9      1.116  0.000E+00  0.000E+00  1.940E-04
 53   1.775000   2.0  1  1.000E-15  0 c                1+,2+,3+  0                                                                                                                                                                                                                              0.000000       
 54   1.820300   2.0 -1  1.000E-15  1 g                       +  0                                                                                                                                                                                                                              0.000000       
                                          5      1.430  9.998E-01  1.000E+00  2.380E-04
 55   1.827600   3.0 -1  1.000E-15  1 g                          0                                                                                                                                                                                                                              0.000000       
                                          6      1.401  9.998E-01  1.000E+00  2.470E-04
 56   1.843000   1.0 -1  1.000E-15  1 g                       +  0                                                                                                                                                                                                                              0.000000       
                                         15      0.860  9.992E-01  1.000E+00  8.000E-04
 57   1.916720   5.0 -1  1.000E-15  3 u                    (5)-  0                                                                                                                                                                                                                              0.000000       
                                         28      0.546  0.000E+00  0.000E+00  4.530E-04
                                          6      1.491  0.000E+00  0.000E+00  2.260E-04
                                          2      1.877  0.000E+00  0.000E+00  2.490E-04
 58   1.920500   5.0  1  1.000E-15  2 u                    (5+)  0                                                                                                                                                                                                                              0.000000       
                                         45      0.243  3.228E-01  3.273E-01  1.400E-02
                                         11      1.222  6.725E-01  6.727E-01  1.850E-04
 59   1.981390   3.0  1  1.000E-15  2 g                       +  0                                                                                                                                                                                                                              0.000000       
                                         10      1.306  0.000E+00  0.000E+00  1.650E-04
                                          6      1.556  0.000E+00  0.000E+00  1.950E-04
 60   1.996000   3.0 -1  1.000E-15  0 n                       +  0                                                                                                                                                                                                                              0.000000       
 61   2.022000  -1.0  0  1.000E-15  0                       (+)  0                                                                                                                                                                                                                              0.000000       
 62   2.067500  -1.0  0  1.000E-15  2                       (+)  0                                                                                                                                                                                                                              0.000000       
                                         10      1.390  0.000E+00  0.000E+00  0.000E+00
                                          6      1.641  0.000E+00  0.000E+00  0.000E+00
 63   2.107000  -1.0  0  1.000E-15  0                       (+)  0                                                                                                                                                                                                                              0.000000       
 64   2.139000  -1.0  0  1.000E-15  0                       (+)  0                                                                                                                                                                                                                              0.000000       
 65   2.145900  -1.0  0  1.000E-15  1                            0                                                                                                                                                                                                                              0.000000       
                                         28      0.775  1.000E+00  1.000E+00  0.000E+00
 66   2.147970   6.0  1  1.000E-15  2                      (6+)  0                                                                                                                                                                                                                              0.000000       
                                         28      0.778  4.317E-01  4.319E-01  4.400E-04
                                          5      1.758  5.680E-01  5.681E-01  2.770E-04
 67   2.154700  -1.0  0  1.000E-15  2                            0                                                                                                                                                                                                                              0.000000       
                                         10      1.481  3.007E-01  3.007E-01  0.000E+00
                                          6      1.729  6.993E-01  6.993E-01  0.000E+00
 68   2.160640  -1.0  0  1.000E-15  2                     3+,4+  0                                                                                                                                                                                                                              0.000000       
                                         11      1.463  9.009E-01  9.009E-01  0.000E+00
                                          3      1.917  9.910E-02  9.910E-02  0.000E+00
 69   2.176000  -1.0  0  1.000E-15  0                  1+,2+,3+  0                                                                                                                                                                                                                              0.000000       
 70   2.224000  -1.0  0  1.000E-15  0                       (+)  0                                                                                                                                                                                                                              0.000000       
 71   2.239400  -1.0  0  1.000E-15  1                       (+)  0                                                                                                                                                                                                                              0.000000       
                                          5      1.849  1.000E+00  1.000E+00  0.000E+00
 72   2.295390   6.0 -1  1.640E-11  4                      (6-)  0                                                                                                                                                                                                                              0.000000       
                                         57      0.378  4.594E-02  4.609E-02  3.200E-03
                                         45      0.618  2.389E-02  2.390E-02  3.360E-04
                                         28      0.925  9.189E-01  9.190E-01  1.354E-04
                                          5      1.905  1.103E-02  1.103E-02  2.410E-04
 73   2.315000  -1.0  0  1.000E-15  0                         +  0                                                                                                                                                                                                                              0.000000       
 74   2.360000  -1.0  0  1.000E-15  0                  3+,4+,5+  0                                                                                                                                                                                                                              0.000000       
 75   2.374000  -1.0  0  1.000E-15  0                       (+)  0                                                                                                                                                                                                                              0.000000       
 76   2.422000  -1.0  0  1.000E-15  0                       (+)  0                                                                                                                                                                                                                              0.000000       
 77   2.444100  -1.0  0  1.000E-15  1                         +  0                                                                                                                                                                                                                              0.000000       
                                         23      1.195  1.000E+00  1.000E+00  0.000E+00
 78   2.486000  -1.0  0  1.000E-15  0                            0                                                                                                                                                                                                                              0.000000       
 79   2.506000  -1.0  0  1.000E-15  0                       (+)  0                                                                                                                                                                                                                              0.000000       
 80   2.518600   6.0 -1  1.000E-15  2                      (6-)  0                                                                                                                                                                                                                              0.000000       
                                         72      0.222  4.314E-01  4.396E-01  1.900E-02
                                         28      1.148  5.603E-01  5.604E-01  1.150E-04
 81   2.547000  -1.0  0  1.000E-15  0                       (+)  0                                                                                                                                                                                                                              0.000000       
 82   2.565000  -1.0  0  1.000E-15  0                            0                                                                                                                                                                                                                              0.000000       
 83   2.610000  -1.0  0  1.000E-15  0                            0                                                                                                                                                                                                                              0.000000       
 84   2.622700  -1.0  0  1.000E-15  1                            0                                                                                                                                                                                                                              0.000000       
                                          5      2.233  1.000E+00  1.000E+00  0.000E+00
 85   2.638600  -1.0  0  1.000E-15  1                            0                                                                                                                                                                                                                              0.000000       
                                         28      1.268  1.000E+00  1.000E+00  0.000E+00
 86   2.704000  -1.0  0  1.000E-15  0                       (+)  0                                                                                                                                                                                                                              0.000000       
 87   2.725000  -1.0  0  1.000E-15  0                            0                                                                                                                                                                                                                              0.000000       
 88   2.740000  -1.0  0  1.000E-15  1                            0                                                                                                                                                                                                                              0.000000       
                                         14      1.825  1.000E+00  1.000E+00  0.000E+00
 89   2.834000   7.0  1  1.000E-15  3                      (7+)  0                                                                                                                                                                                                                              0.000000       
                                         72      0.538  4.108E-01  4.110E-01  4.680E-04
                                         66      0.686  4.235E-01  4.238E-01  6.000E-04
                                         28      1.464  1.652E-01  1.652E-01  1.910E-04
 90   2.835000  -1.0  0  1.000E-15  0                  1+,2+,3+  0                                                                                                                                                                                                                              0.000000       
 91   2.860000  -1.0  0  1.000E-15  0                         +  0                                                                                                                                                                                                                              0.000000       
 92   2.876000  -1.0  0  1.000E-15  0                         +  0                                                                                                                                                                                                                              0.000000       
 93   2.892270   7.0 -1  1.000E-15  2                      (7-)  0                                                                                                                                                                                                                              0.000000       
                                         72      0.597  8.427E-01  8.432E-01  6.720E-04
                                         66      0.744  1.567E-01  1.568E-01  2.200E-04
 94   2.920000  -1.0  0  1.000E-15  0                       (+)  0                                                                                                                                                                                                                              0.000000       
 95   2.944000  -1.0  0  1.000E-15  0                         -  0                                                                                                                                                                                                                              0.000000       
 96   2.993000  -1.0  0  1.000E-15  0                         +  0                                                                                                                                                                                                                              0.000000       
 97   3.008000  -1.0  0  1.000E-15  0                (1+,2+,3+)  0                                                                                                                                                                                                                              0.000000       
 98   3.029540   7.0 -1  1.000E-15  2                      (7-)  0                                                                                                                                                                                                                              0.000000       
                                         93      0.137  1.243E-01  1.367E-01  1.000E-01
                                         72      0.734  8.629E-01  8.633E-01  5.100E-04
 99   3.150000  -1.0  0  1.000E-15  0                (3+,4+,5+)  0                                                                                                                                                                                                                              0.000000       
100   3.191510   6.0 -1  1.000E-15  2                      (6-)  0                                                                                                                                                                                                                              0.000000       
                                         45      1.514  2.804E-01  2.805E-01  3.210E-04
                                         28      1.821  7.191E-01  7.195E-01  5.460E-04
101   3.310000   3.0  1  1.000E-15  0                        3+  0                                                                                                                                                                                                                              0.000000       
102   3.420000  -1.0  0  1.000E-15  0                            0                                                                                                                                                                                                                              0.000000       
103   3.434820   8.0 -1  1.000E-15  3                      (8-)  0                                                                                                                                                                                                                              0.000000       
                                        100      0.244  1.569E-01  1.605E-01  2.270E-02
                                         93      0.544  1.569E-01  1.571E-01  1.100E-03
                                         72      1.140  6.823E-01  6.824E-01  2.050E-04
104   3.550000  -1.0  0  1.000E-15  0                            0                                                                                                                                                                                                                              0.000000       
105   3.580000  -1.0  0  1.000E-15  1                            0                                                                                                                                                                                                                              0.000000       
                                         72      1.285  1.000E+00  1.000E+00  0.000E+00
106   3.627550   8.0 -1  1.000E-15  4                      (8-)  0                                                                                                                                                                                                                              0.000000       
                                        100      0.437  1.207E-01  1.210E-01  2.920E-03
                                         98      0.600  5.172E-02  5.177E-02  8.500E-04
                                         93      0.735  2.523E-01  2.524E-01  5.000E-04
                                         72      1.332  5.747E-01  5.748E-01  1.790E-04
107   3.675100  -1.0  0  1.000E-15  1                            0                                                                                                                                                                                                                              0.000000       
                                         93      0.783  1.000E+00  1.000E+00  0.000E+00
108   3.979240   9.0 -1  1.000E-15  3                      (9-)  0                                                                                                                                                                                                                              0.000000       
                                        106      0.352  1.736E-01  1.742E-01  4.000E-03
                                        103      0.544  7.172E-01  7.179E-01  1.100E-03
                                        100      0.788  1.076E-01  1.078E-01  2.160E-03
109   4.104000  -1.0  0  1.000E-15  1                            0                                                                                                                                                                                                                              0.000000       
                                        106      0.477  1.000E+00  1.000E+00  0.000E+00
110   4.164980   9.0 -1  1.000E-15  6                      (9-)  0                                                                                                                                                                                                                              0.000000       
                                        107      0.490  4.457E-02  4.457E-02  0.000E+00
                                        106      0.538  1.273E-01  1.275E-01  1.100E-03
                                        103      0.731  4.457E-02  4.459E-02  5.100E-04
                                         98      1.135  1.019E-01  1.019E-01  2.060E-04
                                         93      1.273  6.367E-01  6.369E-01  1.800E-04
                                         72      1.869  4.457E-02  4.458E-02  2.560E-04
111   4.447260   9.0 -1  1.000E-15  4                      (9-)  0                                                                                                                                                                                                                              0.000000       
                                        108      0.468  3.841E-01  3.847E-01  1.700E-03
                                        103      1.013  2.461E-01  2.461E-01  2.380E-04
                                         98      1.418  6.901E-02  6.903E-02  1.840E-04
                                         93      1.555  3.001E-01  3.001E-01  2.110E-04
112   4.596500  -1.0  0  1.000E-15  1                            0                                                                                                                                                                                                                              0.000000       
                                        109      0.493  1.000E+00  1.000E+00  0.000E+00
113   4.628000   0.0  1  1.000E-15  0                      (0)+  0                                                                                                                                                                                                                              0.000000       
114   4.628900   9.0 -1  1.000E-15  2                      (9-)  0                                                                                                                                                                                                                              0.000000       
                                        103      1.194  7.750E-01  7.752E-01  1.740E-04
                                        100      1.438  2.248E-01  2.248E-01  3.970E-04
115   4.746410   9.0  1  1.000E-15  1                      (9+)  0                                                                                                                                                                                                                              0.000000       
                                        106      1.119  9.999E-01  1.000E+00  1.100E-04
116   5.000010  10.0 -1  1.000E-15  5                     (10-)  0                                                                                                                                                                                                                              0.000000       
                                        115      0.253  8.691E-02  8.722E-02  3.630E-03
                                        112      0.404  6.828E-02  6.828E-02  0.000E+00
                                        110      0.835  6.208E-01  6.210E-01  3.700E-04
                                        109      0.896  1.862E-02  1.862E-02  0.000E+00
                                        106      1.372  2.048E-01  2.049E-01  1.800E-04
117   5.048250  10.0 -1  1.000E-15  4                     (10-)  0                                                                                                                                                                                                                              0.000000       
                                        114      0.419  4.749E-01  4.760E-01  2.300E-03
                                        111      0.600  2.374E-01  2.376E-01  8.500E-04
                                        110      0.881  1.425E-01  1.425E-01  3.300E-04
                                        108      1.069  1.439E-01  1.439E-01  2.120E-04
118   5.107400  10.0 -1  1.000E-15  1                     (10-)  0                                                                                                                                                                                                                              0.000000       
                                        111      0.660  9.993E-01  1.000E+00  6.600E-04
119   5.258300  10.0 -1  1.000E-15  1                     (10-)  0                                                                                                                                                                                                                              0.000000       
                                        111      0.811  9.996E-01  1.000E+00  4.000E-04
120   5.619550  11.0 -1  1.000E-15  3                     (11-)  0                                                                                                                                                                                                                              0.000000       
                                        118      0.512  3.888E-01  3.893E-01  1.300E-03
                                        117      0.571  4.921E-01  4.926E-01  9.700E-04
                                        114      0.990  1.181E-01  1.181E-01  2.820E-04
121   5.720000   2.0  1  1.000E-15  0                        2+  0                                                                                                                                                                                                                              0.000000       
122   5.785000   2.0  1  1.000E-15  0                      (2)+  0                                                                                                                                                                                                                              0.000000       
123   5.841400  12.0 -1  1.000E-15  2                     (12-)  0                                                                                                                                                                                                                              0.000000       
                                        120      0.222  6.214E-01  6.332E-01  1.900E-02
                                        117      0.793  3.666E-01  3.668E-01  4.940E-04
124   6.008170  11.0  1  1.000E-15  3                     (11+)  0                                                                                                                                                                                                                              0.000000       
                                        116      1.008  3.354E-01  3.354E-01  1.180E-04
                                        115      1.262  6.328E-01  6.329E-01  1.810E-04
                                        110      1.843  3.164E-02  3.165E-02  2.310E-04
125   6.174900  10.0  1  1.000E-15  1                     (10+)  0                                                                                                                                                                                                                              0.000000       
                                        115      1.429  9.998E-01  1.000E+00  1.710E-04
126   6.216300  11.0 -1  1.000E-15  1                     (11-)  0                                                                                                                                                                                                                              0.000000       
                                        117      1.168  9.998E-01  1.000E+00  1.790E-04
127   6.390000  -1.0  0  1.000E-15  0                            0                                                                                                                                                                                                                              0.000000       
128   6.529400  13.0 -1  1.000E-15  1                     (13-)  0                                                                                                                                                                                                                              0.000000       
                                        123      0.688  9.994E-01  1.000E+00  6.000E-04
129   7.100880  12.0  1  1.000E-15  1                     (12+)  0                                                                                                                                                                                                                              0.000000       
                                        124      1.093  9.998E-01  1.000E+00  2.020E-04
130   7.134500  13.0 -1  1.000E-15  2                     (13-)  0                                                                                                                                                                                                                              0.000000       
                                        123      1.293  4.764E-01  4.764E-01  1.650E-04
                                        120      1.515  5.235E-01  5.236E-01  2.010E-04
131   7.241400  14.0 -1  1.000E-15  1                     (14-)  0                                                                                                                                                                                                                              0.000000       
                                        128      0.712  9.995E-01  1.000E+00  5.500E-04
132   7.285300  12.0  1  1.000E-15  2                     (12+)  0                                                                                                                                                                                                                              0.000000       
                                        125      1.111  3.006E-01  3.007E-01  2.160E-04
                                        124      1.277  6.992E-01  6.993E-01  1.660E-04
133   7.619900  12.0  1  1.000E-15  3                     (12+)  0                                                                                                                                                                                                                              0.000000       
                                        132      0.335  2.505E-01  2.517E-01  4.700E-03
                                        129      0.519  3.739E-01  3.744E-01  1.300E-03
                                        124      1.612  3.739E-01  3.740E-01  2.100E-04
134   7.710000  -1.0  0  1.000E-15  0                            0                                                                                                                                                                                                                              0.000000       
135   7.970000  -1.0  0  1.000E-15  0                  (1,2,3)+  0                                                                                                                                                                                                                              0.000000       
136   8.190000  -1.0  0  1.000E-15  0                    (0:3)+  0                                                                                                                                                                                                                              0.000000       
137   8.600500  13.0  1  1.000E-15  2                     (13+)  0                                                                                                                                                                                                                              0.000000       
                                        133      0.980  4.999E-01  5.000E-01  2.560E-04
                                        129      1.500  4.999E-01  5.000E-01  1.820E-04
138   8.958700  14.0  1  1.000E-15  2                     (14+)  0                                                                                                                                                                                                                              0.000000       
                                        137      0.358  3.328E-01  3.341E-01  3.800E-03
                                        129      1.858  6.657E-01  6.659E-01  3.150E-04
139   9.045000  -1.0  0  1.000E-15  0                            0                                                                                                                                                                                                                              0.000000       
140   9.276000  -1.0  0  1.000E-15  0                            0                                                                                                                                                                                                                              0.000000       
141   9.430000  -1.0  0  1.000E-15  0                            0                                                                                                                                                                                                                              0.000000       
142   9.478000  -1.0  0  1.000E-15  0                            0                                                                                                                                                                                                                              0.000000       
143   9.640000  -1.0  0  1.000E-15  0                            0                                                                                                                                                                                                                              0.000000       
144   9.689000  -1.0  0  1.000E-15  0                            0                                                                                                                                                                                                                              0.000000       
145   9.916000  -1.0  0  1.000E-15  0                            0                                                                                                                                                                                                                              0.000000       
146  10.083000  -1.0  0  1.000E-15  0                            0                                                                                                                                                                                                                              0.000000       
147  10.216000  -1.0  0  1.000E-15  0                            0                                                                                                                                                                                                                              0.000000       
148  10.405000  -1.0  0  1.000E-15  0                            0                                                                                                                                                                                                                              0.000000       
149  10.883700  -1.0  0  1.000E-15  1                            0                                                                                                                                                                                                                              0.000000       
                                        138      1.925  1.000E+00  1.000E+00  0.000E+00
