   0.25  0.131  3.30E+00 1.32E+01 1.32E+01 6.19E-01 1.69E+00 2.33E+00 2.45E+00 2.15E+00 1.64E+00 1.09E+00 6.49E-01 3.44E-01 1.63E-01 6.98E-02 2.69E-02 9.33E-03 2.93E-03 8.31E-04 2.14E-04 4.97E-05 1.05E-05 2.00E-06 3.46E-07 5.44E-08 7.75E-09 1.00E-09 1.18E-10 1.25E-11 1.21E-12 1.06E-13 8.48E-15 6.14E-16 4.03E-17 
   0.50  0.439  8.95E+00 2.26E+01 2.26E+01 1.06E+00 2.90E+00 3.99E+00 4.20E+00 3.69E+00 2.81E+00 1.88E+00 1.11E+00 5.89E-01 2.80E-01 1.20E-01 4.60E-02 1.60E-02 5.02E-03 1.43E-03 3.66E-04 8.52E-05 1.80E-05 3.43E-06 5.94E-07 9.33E-08 1.33E-08 1.72E-09 2.02E-10 2.15E-11 2.08E-12 1.82E-13 1.45E-14 1.05E-15 6.92E-17 
   0.75  0.770  1.37E+01 1.92E+01 1.92E+01 9.01E-01 2.46E+00 3.39E+00 3.57E+00 3.14E+00 2.38E+00 1.59E+00 9.44E-01 5.00E-01 2.38E-01 1.02E-01 3.91E-02 1.36E-02 4.26E-03 1.21E-03 3.11E-04 7.23E-05 1.52E-05 2.91E-06 5.04E-07 7.92E-08 1.13E-08 1.46E-09 1.71E-10 1.82E-11 1.76E-12 1.55E-13 1.23E-14 8.93E-16 5.87E-17 
   1.00  0.703  1.86E+01 1.93E+01 1.93E+01 9.09E-01 2.48E+00 3.42E+00 3.60E+00 3.16E+00 2.40E+00 1.60E+00 9.52E-01 5.04E-01 2.40E-01 1.02E-01 3.94E-02 1.37E-02 4.30E-03 1.22E-03 3.13E-04 7.29E-05 1.54E-05 2.94E-06 5.08E-07 7.98E-08 1.14E-08 1.47E-09 1.73E-10 1.84E-11 1.78E-12 1.56E-13 1.24E-14 9.00E-16 5.92E-17 
   1.25  0.837  2.34E+01 1.93E+01 1.93E+01 9.08E-01 2.48E+00 3.41E+00 3.59E+00 3.16E+00 2.40E+00 1.60E+00 9.52E-01 5.04E-01 2.40E-01 1.02E-01 3.94E-02 1.37E-02 4.30E-03 1.22E-03 3.13E-04 7.29E-05 1.54E-05 2.93E-06 5.08E-07 7.98E-08 1.14E-08 1.47E-09 1.73E-10 1.84E-11 1.78E-12 1.56E-13 1.24E-14 9.00E-16 5.92E-17 
   1.50  0.898  2.98E+01 2.57E+01 2.57E+01 1.21E+00 3.30E+00 4.54E+00 4.78E+00 4.20E+00 3.19E+00 2.13E+00 1.27E+00 6.71E-01 3.19E-01 1.36E-01 5.24E-02 1.82E-02 5.71E-03 1.62E-03 4.17E-04 9.69E-05 2.04E-05 3.90E-06 6.76E-07 1.06E-07 1.51E-08 1.96E-09 2.30E-10 2.44E-11 2.36E-12 2.07E-13 1.65E-14 1.20E-15 7.87E-17 
   1.75  0.962  3.65E+01 2.66E+01 2.66E+01 1.25E+00 3.41E+00 4.70E+00 4.95E+00 4.35E+00 3.31E+00 2.21E+00 1.31E+00 6.94E-01 3.30E-01 1.41E-01 5.42E-02 1.88E-02 5.91E-03 1.68E-03 4.31E-04 1.00E-04 2.11E-05 4.04E-06 6.99E-07 1.10E-07 1.57E-08 2.02E-09 2.38E-10 2.53E-11 2.45E-12 2.15E-13 1.71E-14 1.24E-15 8.14E-17 
   2.00  1.123  4.55E+01 3.59E+01 3.59E+01 1.69E+00 4.60E+00 6.34E+00 6.68E+00 5.87E+00 4.46E+00 2.98E+00 1.77E+00 9.36E-01 4.45E-01 1.90E-01 7.32E-02 2.54E-02 7.98E-03 2.26E-03 5.82E-04 1.35E-04 2.85E-05 5.45E-06 9.44E-07 1.48E-07 2.11E-08 2.73E-09 3.20E-10 3.41E-11 3.30E-12 2.90E-13 2.31E-14 1.67E-15 1.10E-16 
   2.25  0.782  5.49E+01 3.76E+01 3.76E+01 1.77E+00 4.82E+00 6.64E+00 6.99E+00 6.15E+00 4.67E+00 3.12E+00 1.85E+00 9.81E-01 4.66E-01 1.99E-01 7.66E-02 2.66E-02 8.36E-03 2.37E-03 6.09E-04 1.42E-04 2.99E-05 5.71E-06 9.88E-07 1.55E-07 2.21E-08 2.86E-09 3.36E-10 3.57E-11 3.46E-12 3.03E-13 2.42E-14 1.75E-15 1.15E-16 
   2.50  0.622  6.87E+01 5.54E+01 5.54E+01 2.60E+00 7.10E+00 9.79E+00 1.03E+01 9.06E+00 6.88E+00 4.60E+00 2.73E+00 1.44E+00 6.86E-01 2.93E-01 1.13E-01 3.92E-02 1.23E-02 3.49E-03 8.98E-04 2.09E-04 4.40E-05 8.41E-06 1.46E-06 2.29E-07 3.26E-08 4.21E-09 4.94E-10 5.27E-11 5.09E-12 4.47E-13 3.56E-14 2.58E-15 1.70E-16 
   2.75  0.817  8.65E+01 7.08E+01 7.08E+01 3.33E+00 9.08E+00 1.25E+01 1.32E+01 1.16E+01 8.79E+00 5.88E+00 3.49E+00 1.85E+00 8.77E-01 3.75E-01 1.44E-01 5.01E-02 1.57E-02 4.47E-03 1.15E-03 2.67E-04 5.63E-05 1.07E-05 1.86E-06 2.92E-07 4.17E-08 5.39E-09 6.32E-10 6.73E-11 6.51E-12 5.71E-13 4.55E-14 3.30E-15 2.17E-16 
   3.00  1.352  1.09E+02 8.87E+01 8.87E+01 4.16E+00 1.14E+01 1.57E+01 1.65E+01 1.45E+01 1.10E+01 7.35E+00 4.36E+00 2.31E+00 1.10E+00 4.69E-01 1.81E-01 6.27E-02 1.97E-02 5.59E-03 1.44E-03 3.34E-04 7.04E-05 1.35E-05 2.33E-06 3.66E-07 5.21E-08 6.74E-09 7.91E-10 8.42E-11 8.15E-12 7.15E-13 5.70E-14 4.13E-15 2.71E-16 
   3.25  1.487  1.36E+02 1.11E+02 1.11E+02 5.19E+00 1.42E+01 1.95E+01 2.05E+01 1.81E+01 1.37E+01 9.17E+00 5.44E+00 2.88E+00 1.37E+00 5.85E-01 2.25E-01 7.82E-02 2.46E-02 6.97E-03 1.79E-03 4.16E-04 8.78E-05 1.68E-05 2.90E-06 4.56E-07 6.50E-08 8.40E-09 9.86E-10 1.05E-10 1.02E-11 8.91E-13 7.11E-14 5.14E-15 3.38E-16 
   3.50  1.140  1.72E+02 1.44E+02 1.44E+02 6.76E+00 1.84E+01 2.54E+01 2.67E+01 2.35E+01 1.79E+01 1.19E+01 7.08E+00 3.75E+00 1.78E+00 7.61E-01 2.93E-01 1.02E-01 3.20E-02 9.07E-03 2.33E-03 5.42E-04 1.14E-04 2.18E-05 3.78E-06 5.94E-07 8.46E-08 1.09E-08 1.28E-09 1.37E-10 1.32E-11 1.16E-12 9.25E-14 6.69E-15 4.40E-16 
   3.75  0.987  2.18E+02 1.85E+02 1.85E+02 8.68E+00 2.37E+01 3.26E+01 3.44E+01 3.02E+01 2.30E+01 1.53E+01 9.10E+00 4.82E+00 2.29E+00 9.78E-01 3.77E-01 1.31E-01 4.11E-02 1.17E-02 3.00E-03 6.97E-04 1.47E-04 2.81E-05 4.86E-06 7.63E-07 1.09E-07 1.41E-08 1.65E-09 1.76E-10 1.70E-11 1.49E-12 1.19E-13 8.60E-15 5.66E-16 
   4.00  1.100  2.76E+02 2.31E+02 2.31E+02 1.09E+01 2.96E+01 4.08E+01 4.30E+01 3.78E+01 2.87E+01 1.92E+01 1.14E+01 6.03E+00 2.86E+00 1.22E+00 4.71E-01 1.64E-01 5.14E-02 1.46E-02 3.75E-03 8.71E-04 1.84E-04 3.51E-05 6.08E-06 9.54E-07 1.36E-07 1.76E-08 2.06E-09 2.20E-10 2.12E-11 1.86E-12 1.49E-13 1.08E-14 7.07E-16 
   4.25  1.382  3.38E+02 2.49E+02 2.49E+02 1.17E+01 3.19E+01 4.39E+01 4.63E+01 4.07E+01 3.09E+01 2.06E+01 1.22E+01 6.49E+00 3.08E+00 1.32E+00 5.07E-01 1.76E-01 5.53E-02 1.57E-02 4.03E-03 9.38E-04 1.98E-04 3.78E-05 6.54E-06 1.03E-06 1.46E-07 1.89E-08 2.22E-09 2.37E-10 2.29E-11 2.01E-12 1.60E-13 1.16E-14 7.61E-16 
   4.50  1.219  4.21E+02 3.29E+02 3.29E+02 1.55E+01 4.22E+01 5.81E+01 6.12E+01 5.38E+01 4.09E+01 2.73E+01 1.62E+01 8.58E+00 4.08E+00 1.74E+00 6.71E-01 2.33E-01 7.31E-02 2.08E-02 5.33E-03 1.24E-03 2.62E-04 5.00E-05 8.65E-06 1.36E-06 1.94E-07 2.50E-08 2.94E-09 3.13E-10 3.03E-11 2.66E-12 2.12E-13 1.53E-14 1.01E-15 
   4.75  1.624  5.17E+02 3.85E+02 3.85E+02 1.81E+01 4.93E+01 6.80E+01 7.16E+01 6.29E+01 4.78E+01 3.19E+01 1.90E+01 1.00E+01 4.77E+00 2.04E+00 7.85E-01 2.73E-01 8.56E-02 2.43E-02 6.24E-03 1.45E-03 3.06E-04 5.84E-05 1.01E-05 1.59E-06 2.27E-07 2.93E-08 3.44E-09 3.66E-10 3.54E-11 3.11E-12 2.48E-13 1.79E-14 1.18E-15 
   5.00  1.839  6.31E+02 4.56E+02 4.56E+02 2.14E+01 5.85E+01 8.06E+01 8.48E+01 7.46E+01 5.67E+01 3.79E+01 2.25E+01 1.19E+01 5.65E+00 2.41E+00 9.30E-01 3.23E-01 1.01E-01 2.88E-02 7.39E-03 1.72E-03 3.62E-04 6.92E-05 1.20E-05 1.88E-06 2.68E-07 3.47E-08 4.07E-09 4.34E-10 4.19E-11 3.68E-12 2.93E-13 2.12E-14 1.40E-15 
   5.50  1.353  9.63E+02 6.63E+02 6.63E+02 3.12E+01 8.50E+01 1.17E+02 1.23E+02 1.08E+02 8.24E+01 5.50E+01 3.26E+01 1.73E+01 8.22E+00 3.51E+00 1.35E+00 4.69E-01 1.47E-01 4.18E-02 1.07E-02 2.50E-03 5.27E-04 1.01E-04 1.74E-05 2.74E-06 3.90E-07 5.04E-08 5.92E-09 6.30E-10 6.09E-11 5.35E-12 4.26E-13 3.09E-14 2.03E-15 
   6.00  1.487  1.45E+03 9.71E+02 9.71E+02 4.56E+01 1.24E+02 1.72E+02 1.81E+02 1.59E+02 1.21E+02 8.06E+01 4.78E+01 2.53E+01 1.20E+01 5.14E+00 1.98E+00 6.87E-01 2.16E-01 6.13E-02 1.57E-02 3.66E-03 7.71E-04 1.47E-04 2.55E-05 4.01E-06 5.71E-07 7.39E-08 8.67E-09 9.23E-10 8.92E-11 7.83E-12 6.24E-13 4.52E-14 2.97E-15 
   6.50  1.189  2.22E+03 1.54E+03 1.54E+03 7.22E+01 1.97E+02 2.72E+02 2.86E+02 2.51E+02 1.91E+02 1.28E+02 7.57E+01 4.01E+01 1.90E+01 8.14E+00 3.13E+00 1.09E+00 3.42E-01 9.70E-02 2.49E-02 5.79E-03 1.22E-03 2.33E-04 4.04E-05 6.35E-06 9.04E-07 1.17E-07 1.37E-08 1.46E-09 1.41E-10 1.24E-11 9.89E-13 7.16E-14 4.70E-15 
   7.00  1.160  3.40E+03 2.37E+03 2.37E+03 1.11E+02 3.03E+02 4.18E+02 4.40E+02 3.87E+02 2.94E+02 1.96E+02 1.16E+02 6.17E+01 2.93E+01 1.25E+01 4.82E+00 1.67E+00 5.26E-01 1.49E-01 3.83E-02 8.92E-03 1.88E-03 3.59E-04 6.22E-05 9.76E-06 1.39E-06 1.80E-07 2.11E-08 2.25E-09 2.17E-10 1.91E-11 1.52E-12 1.10E-13 7.24E-15 
   7.50  1.160  5.22E+03 3.64E+03 3.64E+03 1.71E+02 4.66E+02 6.43E+02 6.76E+02 5.95E+02 4.52E+02 3.02E+02 1.79E+02 9.49E+01 4.51E+01 1.93E+01 7.41E+00 2.58E+00 8.08E-01 2.29E-01 5.89E-02 1.37E-02 2.89E-03 5.52E-04 9.56E-05 1.50E-05 2.14E-06 2.77E-07 3.25E-08 3.46E-09 3.34E-10 2.93E-11 2.34E-12 1.69E-13 1.11E-14 
   8.00  1.160  8.02E+03 5.60E+03 5.60E+03 2.63E+02 7.17E+02 9.88E+02 1.04E+03 9.14E+02 6.95E+02 4.64E+02 2.75E+02 1.46E+02 6.93E+01 2.96E+01 1.14E+01 3.96E+00 1.24E+00 3.53E-01 9.06E-02 2.11E-02 4.44E-03 8.49E-04 1.47E-04 2.31E-05 3.29E-06 4.25E-07 4.99E-08 5.32E-09 5.14E-10 4.51E-11 3.60E-12 2.60E-13 1.71E-14 
   8.50  1.160  1.23E+04 8.61E+03 8.61E+03 4.04E+02 1.10E+03 1.52E+03 1.60E+03 1.41E+03 1.07E+03 7.14E+02 4.23E+02 2.24E+02 1.07E+02 4.55E+01 1.75E+01 6.09E+00 1.91E+00 5.43E-01 1.39E-01 3.24E-02 6.83E-03 1.31E-03 2.26E-04 3.55E-05 5.06E-06 6.54E-07 7.68E-08 8.18E-09 7.91E-10 6.94E-11 5.53E-12 4.00E-13 2.63E-14 
   9.00  1.160  1.89E+04 1.33E+04 1.33E+04 6.23E+02 1.70E+03 2.34E+03 2.46E+03 2.17E+03 1.65E+03 1.10E+03 6.52E+02 3.46E+02 1.64E+02 7.01E+01 2.70E+01 9.38E+00 2.94E+00 8.36E-01 2.15E-01 5.00E-02 1.05E-02 2.01E-03 3.48E-04 5.47E-05 7.80E-06 1.01E-06 1.18E-07 1.26E-08 1.22E-09 1.07E-10 8.52E-12 6.17E-13 4.06E-14 
   9.50  1.160  2.92E+04 2.04E+04 2.04E+04 9.59E+02 2.62E+03 3.60E+03 3.79E+03 3.34E+03 2.53E+03 1.69E+03 1.00E+03 5.32E+02 2.53E+02 1.08E+02 4.16E+01 1.44E+01 4.53E+00 1.29E+00 3.31E-01 7.69E-02 1.62E-02 3.10E-03 5.36E-04 8.42E-05 1.20E-05 1.55E-06 1.82E-07 1.94E-08 1.88E-09 1.65E-10 1.31E-11 9.50E-13 6.24E-14 
  10.00  1.160  4.49E+04 3.14E+04 3.14E+04 1.48E+03 4.03E+03 5.55E+03 5.84E+03 5.13E+03 3.90E+03 2.61E+03 1.55E+03 8.19E+02 3.89E+02 1.66E+02 6.40E+01 2.22E+01 6.98E+00 1.98E+00 5.09E-01 1.18E-01 2.50E-02 4.77E-03 8.26E-04 1.30E-04 1.85E-05 2.39E-06 2.80E-07 2.99E-08 2.89E-09 2.53E-10 2.02E-11 1.46E-12 9.61E-14 
  11.00  1.160  1.19E+05 7.44E+04 7.44E+04 3.49E+03 9.53E+03 1.31E+04 1.38E+04 1.22E+04 9.24E+03 6.17E+03 3.66E+03 1.94E+03 9.21E+02 3.94E+02 1.52E+02 5.27E+01 1.65E+01 4.69E+00 1.21E+00 2.80E-01 5.91E-02 1.13E-02 1.95E-03 3.07E-04 4.38E-05 5.66E-06 6.64E-07 7.07E-08 6.84E-09 6.00E-10 4.78E-11 3.46E-12 2.28E-13 
  12.00  1.160  2.95E+05 1.76E+05 1.76E+05 8.26E+03 2.25E+04 3.11E+04 3.27E+04 2.87E+04 2.18E+04 1.46E+04 8.66E+03 4.59E+03 2.18E+03 9.31E+02 3.58E+02 1.25E+02 3.91E+01 1.11E+01 2.85E+00 6.63E-01 1.40E-01 2.67E-02 4.62E-03 7.26E-04 1.03E-04 1.34E-05 1.57E-06 1.67E-07 1.62E-08 1.42E-09 1.13E-10 8.19E-12 5.38E-13 
  13.00  1.160  7.12E+05 4.17E+05 4.17E+05 1.96E+04 5.34E+04 7.36E+04 7.75E+04 6.81E+04 5.18E+04 3.46E+04 2.05E+04 1.09E+04 5.16E+03 2.21E+03 8.49E+02 2.95E+02 9.26E+01 2.63E+01 6.75E+00 1.57E+00 3.31E-01 6.32E-02 1.10E-02 1.72E-03 2.45E-04 3.17E-05 3.72E-06 3.96E-07 3.83E-08 3.36E-09 2.68E-10 1.94E-11 1.28E-12 
  14.00  1.160  1.70E+06 9.88E+05 9.88E+05 4.64E+04 1.27E+05 1.74E+05 1.84E+05 1.61E+05 1.23E+05 8.20E+04 4.86E+04 2.58E+04 1.22E+04 5.23E+03 2.01E+03 6.99E+02 2.19E+02 6.23E+01 1.60E+01 3.72E+00 7.85E-01 1.50E-01 2.60E-02 4.08E-03 5.81E-04 7.51E-05 8.82E-06 9.39E-07 9.08E-08 7.97E-09 6.35E-10 4.60E-11 3.02E-12 
  15.00  1.160  4.04E+06 2.34E+06 2.34E+06 1.10E+05 3.00E+05 4.13E+05 4.35E+05 3.82E+05 2.90E+05 1.94E+05 1.15E+05 6.10E+04 2.90E+04 1.24E+04 4.77E+03 1.66E+03 5.20E+02 1.48E+02 3.79E+01 8.82E+00 1.86E+00 3.55E-01 6.15E-02 9.66E-03 1.38E-03 1.78E-04 2.09E-05 2.22E-06 2.15E-07 1.89E-08 1.50E-09 1.09E-10 7.16E-12 
  16.00  1.160  9.57E+06 5.53E+06 5.53E+06 2.60E+05 7.09E+05 9.77E+05 1.03E+06 9.04E+05 6.87E+05 4.59E+05 2.72E+05 1.44E+05 6.85E+04 2.93E+04 1.13E+04 3.92E+03 1.23E+03 3.49E+02 8.96E+01 2.08E+01 4.39E+00 8.39E-01 1.45E-01 2.28E-02 3.25E-03 4.21E-04 4.94E-05 5.26E-06 5.08E-07 4.46E-08 3.56E-09 2.57E-10 1.69E-11 
  17.00  1.160  2.27E+07 1.31E+07 1.31E+07 6.16E+05 1.68E+06 2.31E+06 2.44E+06 2.14E+06 1.63E+06 1.09E+06 6.45E+05 3.42E+05 1.62E+05 6.94E+04 2.67E+04 9.28E+03 2.91E+03 8.27E+02 2.12E+02 4.94E+01 1.04E+01 1.99E+00 3.44E-01 5.41E-02 7.71E-03 9.97E-04 1.17E-04 1.25E-05 1.20E-06 1.06E-07 8.43E-09 6.10E-10 4.01E-11 
  18.00  1.160  5.38E+07 3.11E+07 3.11E+07 1.46E+06 3.98E+06 5.49E+06 5.78E+06 5.08E+06 3.86E+06 2.58E+06 1.53E+06 8.10E+05 3.85E+05 1.64E+05 6.33E+04 2.20E+04 6.90E+03 1.96E+03 5.03E+02 1.17E+02 2.47E+01 4.71E+00 8.16E-01 1.28E-01 1.83E-02 2.36E-03 2.77E-04 2.95E-05 2.85E-06 2.51E-07 2.00E-08 1.45E-09 9.51E-11 
  19.00  1.160  1.27E+08 7.36E+07 7.36E+07 3.46E+06 9.43E+06 1.30E+07 1.37E+07 1.20E+07 9.13E+06 6.10E+06 3.62E+06 1.92E+06 9.11E+05 3.89E+05 1.50E+05 5.21E+04 1.63E+04 4.64E+03 1.19E+03 2.77E+02 5.84E+01 1.12E+01 1.93E+00 3.04E-01 4.33E-02 5.59E-03 6.56E-04 6.99E-05 6.76E-06 5.93E-07 4.73E-08 3.42E-09 2.25E-10 
  20.00  1.160  3.01E+08 1.74E+08 1.74E+08 8.17E+06 2.23E+07 3.07E+07 3.23E+07 2.84E+07 2.16E+07 1.44E+07 8.56E+06 4.54E+06 2.15E+06 9.21E+05 3.54E+05 1.23E+05 3.86E+04 1.10E+04 2.82E+03 6.56E+02 1.38E+02 2.64E+01 4.57E+00 7.18E-01 1.02E-01 1.32E-02 1.55E-03 1.65E-04 1.60E-05 1.40E-06 1.12E-07 8.10E-09 5.32E-10 
  22.50  1.160  4.06E+09 1.50E+09 1.50E+09 7.06E+07 1.93E+08 2.66E+08 2.79E+08 2.46E+08 1.87E+08 1.25E+08 7.40E+07 3.92E+07 1.86E+07 7.96E+06 3.06E+06 1.06E+06 3.34E+05 9.48E+04 2.44E+04 5.67E+03 1.19E+03 2.28E+02 3.95E+01 6.21E+00 8.84E-01 1.14E-01 1.34E-02 1.43E-03 1.38E-04 1.21E-05 9.67E-07 7.00E-08 4.60E-09 
  25.00  1.160  3.65E+10 1.30E+10 1.30E+10 6.09E+08 1.66E+09 2.29E+09 2.41E+09 2.12E+09 1.61E+09 1.08E+09 6.38E+08 3.38E+08 1.61E+08 6.86E+07 2.64E+07 9.17E+06 2.88E+06 8.17E+05 2.10E+05 4.88E+04 1.03E+04 1.97E+03 3.41E+02 5.35E+01 7.62E+00 9.86E-01 1.16E-01 1.23E-02 1.19E-03 1.05E-04 8.33E-06 6.03E-07 3.97E-08 
  30.00  1.160  4.87E+12 9.66E+11 9.66E+11 4.54E+10 1.24E+11 1.71E+11 1.80E+11 1.58E+11 1.20E+11 8.02E+10 4.75E+10 2.52E+10 1.20E+10 5.11E+09 1.97E+09 6.84E+08 2.15E+08 6.09E+07 1.57E+07 3.64E+06 7.67E+05 1.47E+05 2.54E+04 3.99E+03 5.68E+02 7.35E+01 8.62E+00 9.18E-01 8.88E-02 7.79E-03 6.21E-04 4.50E-05 2.96E-06 
  40.00  1.160  5.35E+16 5.35E+15 5.35E+15 2.51E+14 6.85E+14 9.45E+14 9.94E+14 8.74E+14 6.64E+14 4.44E+14 2.63E+14 1.39E+14 6.63E+13 2.83E+13 1.09E+13 3.79E+12 1.19E+12 3.37E+11 8.67E+10 2.02E+10 4.25E+09 8.12E+08 1.41E+08 2.21E+07 3.15E+06 4.07E+05 4.77E+04 5.08E+03 4.92E+02 4.31E+01 3.44E+00 2.49E-01 1.64E-02 
  50.00  1.160  2.97E+20 2.97E+19 2.97E+19 1.40E+18 3.81E+18 5.25E+18 5.52E+18 4.85E+18 3.69E+18 2.46E+18 1.46E+18 7.75E+17 3.68E+17 1.57E+17 6.05E+16 2.10E+16 6.60E+15 1.87E+15 4.81E+14 1.12E+14 2.36E+13 4.51E+12 7.81E+11 1.23E+11 1.75E+10 2.26E+09 2.65E+08 2.82E+07 2.73E+06 2.40E+05 1.91E+04 1.38E+03 9.09E+01 
  60.00  1.160  1.65E+24 1.65E+23 1.65E+23 7.73E+21 2.11E+22 2.90E+22 3.06E+22 2.69E+22 2.04E+22 1.36E+22 8.09E+21 4.29E+21 2.04E+21 8.70E+20 3.35E+20 1.16E+20 3.65E+19 1.04E+19 2.66E+18 6.20E+17 1.31E+17 2.50E+16 4.32E+15 6.79E+14 9.67E+13 1.25E+13 1.47E+12 1.56E+11 1.51E+10 1.33E+09 1.06E+08 7.66E+06 5.03E+05 
  70.00  1.160  9.14E+27 9.14E+26 9.14E+26 4.29E+25 1.17E+26 1.61E+26 1.70E+26 1.49E+26 1.13E+26 7.58E+25 4.50E+25 2.38E+25 1.13E+25 4.83E+24 1.86E+24 6.47E+23 2.03E+23 5.76E+22 1.48E+22 3.44E+21 7.26E+20 1.39E+20 2.40E+19 3.77E+18 5.37E+17 6.95E+16 8.15E+15 8.68E+14 8.39E+13 7.37E+12 5.87E+11 4.25E+10 2.79E+09 
