   0.25  0.090  2.40E-01 9.59E-01 9.59E-01 8.47E-02 1.47E-01 1.75E-01 1.69E-01 1.40E-01 1.01E-01 6.44E-02 3.68E-02 1.89E-02 8.70E-03 3.62E-03 1.36E-03 4.65E-04 1.44E-04 4.03E-05 1.03E-05 2.37E-06 4.97E-07 9.48E-08 1.64E-08 2.59E-09 3.72E-10 4.85E-11 5.76E-12 6.23E-13 6.13E-14 5.48E-15 4.47E-16 3.32E-17 2.24E-18 
   0.50  1.387  1.64E+00 5.62E+00 5.62E+00 4.96E-01 8.63E-01 1.03E+00 9.91E-01 8.17E-01 5.90E-01 3.77E-01 2.15E-01 1.10E-01 5.10E-02 2.12E-02 8.00E-03 2.73E-03 8.42E-04 2.36E-04 6.01E-05 1.39E-05 2.91E-06 5.55E-07 9.63E-08 1.52E-08 2.18E-09 2.84E-10 3.38E-11 3.65E-12 3.59E-13 3.21E-14 2.62E-15 1.94E-16 1.31E-17 
   0.75  0.092  2.58E+00 3.74E+00 3.74E+00 3.30E-01 5.75E-01 6.85E-01 6.60E-01 5.45E-01 3.93E-01 2.51E-01 1.44E-01 7.36E-02 3.40E-02 1.41E-02 5.33E-03 1.82E-03 5.61E-04 1.57E-04 4.00E-05 9.24E-06 1.94E-06 3.70E-07 6.42E-08 1.01E-08 1.45E-09 1.89E-10 2.25E-11 2.43E-12 2.39E-13 2.14E-14 1.74E-15 1.30E-16 8.75E-18 
   1.00  0.000  3.04E+00 1.85E+00 1.85E+00 1.63E-01 2.84E-01 3.38E-01 3.26E-01 2.69E-01 1.94E-01 1.24E-01 7.09E-02 3.63E-02 1.68E-02 6.98E-03 2.63E-03 8.97E-04 2.77E-04 7.77E-05 1.98E-05 4.56E-06 9.58E-07 1.83E-07 3.17E-08 5.00E-09 7.17E-10 9.35E-11 1.11E-11 1.20E-12 1.18E-13 1.06E-14 8.62E-16 6.40E-17 4.32E-18 
   1.25  0.135  3.62E+00 2.33E+00 2.33E+00 2.06E-01 3.58E-01 4.26E-01 4.11E-01 3.39E-01 2.45E-01 1.56E-01 8.93E-02 4.58E-02 2.11E-02 8.80E-03 3.32E-03 1.13E-03 3.49E-04 9.79E-05 2.49E-05 5.75E-06 1.21E-06 2.30E-07 3.99E-08 6.30E-09 9.03E-10 1.18E-10 1.40E-11 1.51E-12 1.49E-13 1.33E-14 1.09E-15 8.06E-17 5.45E-18 
   1.50  0.131  5.00E+00 5.52E+00 5.52E+00 4.87E-01 8.48E-01 1.01E+00 9.74E-01 8.03E-01 5.79E-01 3.71E-01 2.12E-01 1.08E-01 5.01E-02 2.09E-02 7.85E-03 2.68E-03 8.28E-04 2.32E-04 5.90E-05 1.36E-05 2.86E-06 5.46E-07 9.46E-08 1.49E-08 2.14E-09 2.79E-10 3.32E-11 3.58E-12 3.52E-13 3.16E-14 2.57E-15 1.91E-16 1.29E-17 
   1.75  0.540  6.93E+00 7.69E+00 7.69E+00 6.79E-01 1.18E+00 1.41E+00 1.36E+00 1.12E+00 8.08E-01 5.17E-01 2.95E-01 1.51E-01 6.98E-02 2.91E-02 1.09E-02 3.73E-03 1.15E-03 3.23E-04 8.22E-05 1.90E-05 3.99E-06 7.60E-07 1.32E-07 2.08E-08 2.98E-09 3.89E-10 4.62E-11 5.00E-12 4.91E-13 4.40E-14 3.59E-15 2.66E-16 1.80E-17 
   2.00  0.746  8.35E+00 5.71E+00 5.71E+00 5.04E-01 8.78E-01 1.04E+00 1.01E+00 8.31E-01 5.99E-01 3.83E-01 2.19E-01 1.12E-01 5.18E-02 2.16E-02 8.13E-03 2.77E-03 8.56E-04 2.40E-04 6.10E-05 1.41E-05 2.96E-06 5.64E-07 9.79E-08 1.54E-08 2.21E-09 2.89E-10 3.43E-11 3.71E-12 3.65E-13 3.27E-14 2.66E-15 1.98E-16 1.34E-17 
   2.25  0.295  1.16E+01 1.31E+01 1.31E+01 1.16E+00 2.01E+00 2.39E+00 2.31E+00 1.90E+00 1.37E+00 8.79E-01 5.02E-01 2.57E-01 1.19E-01 4.95E-02 1.86E-02 6.35E-03 1.96E-03 5.50E-04 1.40E-04 3.23E-05 6.78E-06 1.29E-06 2.24E-07 3.54E-08 5.07E-09 6.62E-10 7.86E-11 8.50E-12 8.36E-13 7.49E-14 6.10E-15 4.53E-16 3.06E-17 
   2.50 10.336  1.54E+01 1.51E+01 1.51E+01 1.33E+00 2.31E+00 2.75E+00 2.66E+00 2.19E+00 1.58E+00 1.01E+00 5.77E-01 2.96E-01 1.37E-01 5.69E-02 2.14E-02 7.31E-03 2.26E-03 6.33E-04 1.61E-04 3.72E-05 7.80E-06 1.49E-06 2.58E-07 4.07E-08 5.84E-09 7.62E-10 9.05E-11 9.78E-12 9.62E-13 8.61E-14 7.02E-15 5.21E-16 3.52E-17 
   2.75 10.654  2.07E+01 2.14E+01 2.14E+01 1.89E+00 3.29E+00 3.91E+00 3.77E+00 3.11E+00 2.24E+00 1.44E+00 8.20E-01 4.20E-01 1.94E-01 8.08E-02 3.04E-02 1.04E-02 3.21E-03 8.99E-04 2.29E-04 5.28E-05 1.11E-05 2.11E-06 3.67E-07 5.78E-08 8.29E-09 1.08E-09 1.28E-10 1.39E-11 1.37E-12 1.22E-13 9.97E-15 7.40E-16 5.00E-17 
   3.00  0.568  2.83E+01 3.03E+01 3.03E+01 2.68E+00 4.66E+00 5.55E+00 5.35E+00 4.41E+00 3.18E+00 2.04E+00 1.16E+00 5.96E-01 2.75E-01 1.15E-01 4.32E-02 1.47E-02 4.55E-03 1.27E-03 3.24E-04 7.49E-05 1.57E-05 3.00E-06 5.20E-07 8.20E-08 1.18E-08 1.53E-09 1.82E-10 1.97E-11 1.94E-12 1.73E-13 1.41E-14 1.05E-15 7.09E-17 
   3.25  0.462  3.83E+01 3.98E+01 3.98E+01 3.52E+00 6.12E+00 7.29E+00 7.03E+00 5.80E+00 4.18E+00 2.68E+00 1.53E+00 7.83E-01 3.61E-01 1.51E-01 5.67E-02 1.93E-02 5.97E-03 1.67E-03 4.26E-04 9.84E-05 2.07E-05 3.94E-06 6.83E-07 1.08E-07 1.55E-08 2.02E-09 2.39E-10 2.59E-11 2.55E-12 2.28E-13 1.86E-14 1.38E-15 9.32E-17 
   3.50  0.631  5.32E+01 5.96E+01 5.96E+01 5.26E+00 9.16E+00 1.09E+01 1.05E+01 8.67E+00 6.26E+00 4.00E+00 2.29E+00 1.17E+00 5.41E-01 2.25E-01 8.48E-02 2.89E-02 8.94E-03 2.50E-03 6.37E-04 1.47E-04 3.09E-05 5.89E-06 1.02E-06 1.61E-07 2.31E-08 3.02E-09 3.58E-10 3.87E-11 3.81E-12 3.41E-13 2.78E-14 2.06E-15 1.39E-16 
   3.75  1.506  7.10E+01 7.15E+01 7.15E+01 6.31E+00 1.10E+01 1.31E+01 1.26E+01 1.04E+01 7.50E+00 4.80E+00 2.74E+00 1.40E+00 6.48E-01 2.70E-01 1.02E-01 3.47E-02 1.07E-02 3.00E-03 7.64E-04 1.77E-04 3.70E-05 7.07E-06 1.23E-06 1.93E-07 2.77E-08 3.62E-09 4.29E-10 4.64E-11 4.57E-12 4.09E-13 3.33E-14 2.47E-15 1.67E-16 
   4.00  1.479  9.83E+01 1.09E+02 1.09E+02 9.64E+00 1.68E+01 2.00E+01 1.93E+01 1.59E+01 1.15E+01 7.34E+00 4.19E+00 2.15E+00 9.91E-01 4.13E-01 1.55E-01 5.30E-02 1.64E-02 4.59E-03 1.17E-03 2.70E-04 5.66E-05 1.08E-05 1.87E-06 2.95E-07 4.24E-08 5.53E-09 6.56E-10 7.09E-11 6.98E-12 6.25E-13 5.09E-14 3.78E-15 2.56E-16 
   4.25  0.851  1.32E+02 1.33E+02 1.33E+02 1.18E+01 2.05E+01 2.44E+01 2.36E+01 1.94E+01 1.40E+01 8.96E+00 5.12E+00 2.62E+00 1.21E+00 5.04E-01 1.90E-01 6.48E-02 2.00E-02 5.61E-03 1.43E-03 3.30E-04 6.92E-05 1.32E-05 2.29E-06 3.61E-07 5.17E-08 6.75E-09 8.02E-10 8.67E-11 8.52E-12 7.63E-13 6.22E-14 4.62E-15 3.12E-16 
   4.50  1.333  1.72E+02 1.61E+02 1.61E+02 1.42E+01 2.47E+01 2.94E+01 2.84E+01 2.34E+01 1.69E+01 1.08E+01 6.17E+00 3.16E+00 1.46E+00 6.08E-01 2.29E-01 7.80E-02 2.41E-02 6.76E-03 1.72E-03 3.97E-04 8.33E-05 1.59E-05 2.76E-06 4.35E-07 6.23E-08 8.14E-09 9.66E-10 1.04E-10 1.03E-11 9.20E-13 7.50E-14 5.56E-15 3.76E-16 
   4.75 11.736  2.16E+02 1.77E+02 1.77E+02 1.56E+01 2.72E+01 3.24E+01 3.12E+01 2.58E+01 1.86E+01 1.19E+01 6.79E+00 3.48E+00 1.61E+00 6.69E-01 2.52E-01 8.59E-02 2.65E-02 7.44E-03 1.89E-03 4.37E-04 9.17E-05 1.75E-05 3.03E-06 4.78E-07 6.86E-08 8.96E-09 1.06E-09 1.15E-10 1.13E-11 1.01E-12 8.25E-14 6.12E-15 4.14E-16 
   5.00 11.581  2.74E+02 2.30E+02 2.30E+02 2.03E+01 3.54E+01 4.21E+01 4.06E+01 3.35E+01 2.42E+01 1.55E+01 8.83E+00 4.52E+00 2.09E+00 8.70E-01 3.28E-01 1.12E-01 3.45E-02 9.67E-03 2.46E-03 5.68E-04 1.19E-04 2.28E-05 3.95E-06 6.22E-07 8.92E-08 1.16E-08 1.38E-09 1.49E-10 1.47E-11 1.32E-12 1.07E-13 7.96E-15 5.38E-16 
   5.50  1.639  4.57E+02 3.67E+02 3.67E+02 3.24E+01 5.64E+01 6.71E+01 6.48E+01 5.34E+01 3.85E+01 2.46E+01 1.41E+01 7.21E+00 3.33E+00 1.39E+00 5.22E-01 1.78E-01 5.50E-02 1.54E-02 3.92E-03 9.06E-04 1.90E-04 3.63E-05 6.29E-06 9.92E-07 1.42E-07 1.86E-08 2.20E-09 2.38E-10 2.34E-11 2.10E-12 1.71E-13 1.27E-14 8.58E-16 
   6.00  0.922  7.86E+02 6.57E+02 6.57E+02 5.81E+01 1.01E+02 1.20E+02 1.16E+02 9.57E+01 6.90E+01 4.42E+01 2.52E+01 1.29E+01 5.97E+00 2.49E+00 9.36E-01 3.19E-01 9.86E-02 2.76E-02 7.03E-03 1.62E-03 3.41E-04 6.50E-05 1.13E-05 1.78E-06 2.55E-07 3.33E-08 3.95E-09 4.27E-10 4.20E-11 3.76E-12 3.07E-13 2.28E-14 1.54E-15 
   6.50  0.921  1.33E+03 1.09E+03 1.09E+03 9.61E+01 1.67E+02 1.99E+02 1.92E+02 1.58E+02 1.14E+02 7.31E+01 4.17E+01 2.14E+01 9.87E+00 4.11E+00 1.55E+00 5.28E-01 1.63E-01 4.57E-02 1.16E-02 2.69E-03 5.64E-04 1.08E-04 1.87E-05 2.94E-06 4.22E-07 5.51E-08 6.54E-09 7.07E-10 6.95E-11 6.22E-12 5.07E-13 3.77E-14 2.55E-15 
   7.00  1.074  2.29E+03 1.92E+03 1.92E+03 1.70E+02 2.95E+02 3.52E+02 3.39E+02 2.80E+02 2.02E+02 1.29E+02 7.37E+01 3.78E+01 1.74E+01 7.26E+00 2.73E+00 9.33E-01 2.88E-01 8.08E-02 2.05E-02 4.75E-03 9.96E-04 1.90E-04 3.29E-05 5.19E-06 7.45E-07 9.72E-08 1.15E-08 1.25E-09 1.23E-10 1.10E-11 8.96E-13 6.65E-14 4.49E-15 
   7.50  0.992  3.92E+03 3.27E+03 3.27E+03 2.88E+02 5.02E+02 5.98E+02 5.76E+02 4.75E+02 3.43E+02 2.19E+02 1.25E+02 6.42E+01 2.96E+01 1.23E+01 4.65E+00 1.59E+00 4.90E-01 1.37E-01 3.49E-02 8.07E-03 1.69E-03 3.23E-04 5.60E-05 8.83E-06 1.27E-06 1.65E-07 1.96E-08 2.12E-09 2.09E-10 1.87E-11 1.52E-12 1.13E-13 7.64E-15 
   8.00  1.014  6.59E+03 5.34E+03 5.34E+03 4.72E+02 8.21E+02 9.77E+02 9.43E+02 7.77E+02 5.61E+02 3.59E+02 2.05E+02 1.05E+02 4.85E+01 2.02E+01 7.60E+00 2.59E+00 8.01E-01 2.25E-01 5.71E-02 1.32E-02 2.77E-03 5.28E-04 9.16E-05 1.44E-05 2.07E-06 2.70E-07 3.21E-08 3.47E-09 3.41E-10 3.06E-11 2.49E-12 1.85E-13 1.25E-14 
   8.50  1.014  1.10E+04 8.74E+03 8.74E+03 7.72E+02 1.34E+03 1.60E+03 1.54E+03 1.27E+03 9.18E+02 5.87E+02 3.35E+02 1.72E+02 7.93E+01 3.30E+01 1.24E+01 4.24E+00 1.31E+00 3.67E-01 9.35E-02 2.16E-02 4.53E-03 8.64E-04 1.50E-04 2.36E-05 3.39E-06 4.42E-07 5.25E-08 5.68E-09 5.58E-10 5.00E-11 4.08E-12 3.03E-13 2.04E-14 
   9.00  1.014  1.81E+04 1.43E+04 1.43E+04 1.27E+03 2.20E+03 2.62E+03 2.53E+03 2.09E+03 1.50E+03 9.62E+02 5.50E+02 2.82E+02 1.30E+02 5.42E+01 2.04E+01 6.96E+00 2.15E+00 6.02E-01 1.53E-01 3.54E-02 7.43E-03 1.42E-03 2.46E-04 3.87E-05 5.56E-06 7.25E-07 8.61E-08 9.31E-09 9.15E-10 8.20E-11 6.68E-12 4.96E-13 3.35E-14 
   9.50  1.014  2.99E+04 2.35E+04 2.35E+04 2.07E+03 3.61E+03 4.30E+03 4.15E+03 3.42E+03 2.47E+03 1.58E+03 9.01E+02 4.62E+02 2.13E+02 8.88E+01 3.34E+01 1.14E+01 3.52E+00 9.87E-01 2.51E-01 5.80E-02 1.22E-02 2.32E-03 4.03E-04 6.35E-05 9.11E-06 1.19E-06 1.41E-07 1.53E-08 1.50E-09 1.34E-10 1.10E-11 8.13E-13 5.49E-14 
  10.00  1.014  4.91E+04 3.85E+04 3.85E+04 3.40E+03 5.91E+03 7.04E+03 6.79E+03 5.60E+03 4.04E+03 2.58E+03 1.48E+03 7.56E+02 3.49E+02 1.45E+02 5.48E+01 1.87E+01 5.77E+00 1.62E+00 4.11E-01 9.50E-02 1.99E-02 3.80E-03 6.60E-04 1.04E-04 1.49E-05 1.95E-06 2.31E-07 2.50E-08 2.46E-09 2.20E-10 1.79E-11 1.33E-12 9.00E-14 
  11.00  1.014  1.52E+05 1.03E+05 1.03E+05 9.11E+03 1.59E+04 1.89E+04 1.82E+04 1.50E+04 1.08E+04 6.93E+03 3.96E+03 2.03E+03 9.36E+02 3.90E+02 1.47E+02 5.01E+01 1.55E+01 4.33E+00 1.10E+00 2.55E-01 5.35E-02 1.02E-02 1.77E-03 2.79E-04 4.00E-05 5.22E-06 6.20E-07 6.70E-08 6.59E-09 5.90E-10 4.81E-11 3.57E-12 2.41E-13 
  12.00  1.014  4.28E+05 2.76E+05 2.76E+05 2.44E+04 4.24E+04 5.05E+04 4.87E+04 4.02E+04 2.90E+04 1.85E+04 1.06E+04 5.43E+03 2.50E+03 1.04E+03 3.93E+02 1.34E+02 4.14E+01 1.16E+01 2.95E+00 6.82E-01 1.43E-01 2.73E-02 4.73E-03 7.46E-04 1.07E-04 1.40E-05 1.66E-06 1.79E-07 1.76E-08 1.58E-09 1.29E-10 9.55E-12 6.46E-13 
  13.00  1.014  1.17E+06 7.40E+05 7.40E+05 6.54E+04 1.14E+05 1.35E+05 1.31E+05 1.08E+05 7.77E+04 4.97E+04 2.84E+04 1.46E+04 6.72E+03 2.80E+03 1.05E+03 3.59E+02 1.11E+02 3.11E+01 7.92E+00 1.83E+00 3.84E-01 7.32E-02 1.27E-02 2.00E-03 2.87E-04 3.75E-05 4.45E-06 4.81E-07 4.73E-08 4.24E-09 3.45E-10 2.56E-11 1.73E-12 
  14.00  1.014  3.16E+06 1.99E+06 1.99E+06 1.75E+05 3.06E+05 3.64E+05 3.51E+05 2.89E+05 2.09E+05 1.33E+05 7.62E+04 3.91E+04 1.80E+04 7.51E+03 2.83E+03 9.65E+02 2.98E+02 8.35E+01 2.13E+01 4.91E+00 1.03E+00 1.97E-01 3.41E-02 5.37E-03 7.71E-04 1.01E-04 1.19E-05 1.29E-06 1.27E-07 1.14E-08 9.27E-10 6.88E-11 4.65E-12 
  15.00  1.014  8.48E+06 5.33E+06 5.33E+06 4.70E+05 8.19E+05 9.75E+05 9.40E+05 7.75E+05 5.59E+05 3.58E+05 2.04E+05 1.05E+05 4.83E+04 2.01E+04 7.58E+03 2.59E+03 7.99E+02 2.24E+02 5.70E+01 1.32E+01 2.76E+00 5.27E-01 9.13E-02 1.44E-02 2.07E-03 2.70E-04 3.20E-05 3.46E-06 3.40E-07 3.05E-08 2.48E-09 1.84E-10 1.25E-11 
  16.00  1.014  2.27E+07 1.43E+07 1.43E+07 1.26E+06 2.19E+06 2.61E+06 2.52E+06 2.08E+06 1.50E+06 9.58E+05 5.47E+05 2.80E+05 1.29E+05 5.39E+04 2.03E+04 6.92E+03 2.14E+03 5.99E+02 1.52E+02 3.52E+01 7.39E+00 1.41E+00 2.44E-01 3.86E-02 5.53E-03 7.22E-04 8.57E-05 9.26E-06 9.11E-07 8.16E-08 6.65E-09 4.94E-10 3.34E-11 
  17.00  1.014  6.10E+07 3.82E+07 3.82E+07 3.38E+06 5.88E+06 7.00E+06 6.75E+06 5.57E+06 4.02E+06 2.57E+06 1.47E+06 7.52E+05 3.47E+05 1.45E+05 5.44E+04 1.86E+04 5.74E+03 1.61E+03 4.09E+02 9.45E+01 1.98E+01 3.78E+00 6.56E-01 1.03E-01 1.48E-02 1.94E-03 2.30E-04 2.48E-05 2.44E-06 2.19E-07 1.78E-08 1.32E-09 8.95E-11 
  18.00  1.014  1.64E+08 1.03E+08 1.03E+08 9.07E+06 1.58E+07 1.88E+07 1.81E+07 1.49E+07 1.08E+07 6.90E+06 3.94E+06 2.02E+06 9.32E+05 3.88E+05 1.46E+05 4.98E+04 1.54E+04 4.32E+03 1.10E+03 2.54E+02 5.32E+01 1.02E+01 1.76E+00 2.78E-01 3.98E-02 5.20E-03 6.17E-04 6.67E-05 6.56E-06 5.87E-07 4.79E-08 3.55E-09 2.40E-10 
  19.00  1.014  4.39E+08 2.75E+08 2.75E+08 2.43E+07 4.23E+07 5.04E+07 4.86E+07 4.01E+07 2.89E+07 1.85E+07 1.06E+07 5.41E+06 2.50E+06 1.04E+06 3.92E+05 1.34E+05 4.13E+04 1.16E+04 2.94E+03 6.80E+02 1.43E+02 2.72E+01 4.72E+00 7.44E-01 1.07E-01 1.39E-02 1.65E-03 1.79E-04 1.76E-05 1.57E-06 1.28E-07 9.53E-09 6.44E-10 
  20.00  1.014  1.18E+09 7.37E+08 7.37E+08 6.50E+07 1.13E+08 1.35E+08 1.30E+08 1.07E+08 7.74E+07 4.95E+07 2.83E+07 1.45E+07 6.68E+06 2.78E+06 1.05E+06 3.58E+05 1.10E+05 3.10E+04 7.88E+03 1.82E+03 3.82E+02 7.28E+01 1.26E+01 1.99E+00 2.86E-01 3.73E-02 4.43E-03 4.78E-04 4.71E-05 4.21E-06 3.44E-07 2.55E-08 1.72E-09 
  22.50  1.014  2.29E+10 8.69E+09 8.69E+09 7.67E+08 1.34E+09 1.59E+09 1.53E+09 1.26E+09 9.12E+08 5.83E+08 3.33E+08 1.71E+08 7.88E+07 3.28E+07 1.24E+07 4.22E+06 1.30E+06 3.65E+05 9.29E+04 2.15E+04 4.50E+03 8.59E+02 1.49E+02 2.35E+01 3.37E+00 4.40E-01 5.22E-02 5.64E-03 5.55E-04 4.97E-05 4.05E-06 3.01E-07 2.03E-08 
  25.00  1.014  2.78E+11 1.02E+11 1.02E+11 9.01E+09 1.57E+10 1.87E+10 1.80E+10 1.49E+10 1.07E+10 6.86E+09 3.92E+09 2.01E+09 9.26E+08 3.86E+08 1.45E+08 4.96E+07 1.53E+07 4.29E+06 1.09E+06 2.52E+05 5.29E+04 1.01E+04 1.75E+03 2.76E+02 3.96E+01 5.17E+00 6.14E-01 6.63E-02 6.52E-03 5.84E-04 4.76E-05 3.53E-06 2.39E-07 
  30.00  1.014  7.11E+13 1.42E+13 1.42E+13 1.25E+12 2.18E+12 2.59E+12 2.50E+12 2.06E+12 1.49E+12 9.51E+11 5.43E+11 2.78E+11 1.29E+11 5.35E+10 2.02E+10 6.87E+09 2.12E+09 5.95E+08 1.51E+08 3.50E+07 7.34E+06 1.40E+06 2.43E+05 3.83E+04 5.49E+03 7.17E+02 8.51E+01 9.20E+00 9.05E-01 8.10E-02 6.60E-03 4.90E-04 3.31E-05 
  40.00  1.014  2.71E+18 2.71E+17 2.71E+17 2.39E+16 4.17E+16 4.96E+16 4.79E+16 3.95E+16 2.85E+16 1.82E+16 1.04E+16 5.33E+15 2.46E+15 1.02E+15 3.86E+14 1.32E+14 4.07E+13 1.14E+13 2.90E+12 6.70E+11 1.41E+11 2.68E+10 4.65E+09 7.33E+08 1.05E+08 1.37E+07 1.63E+06 1.76E+05 1.73E+04 1.55E+03 1.26E+02 9.39E+00 6.34E-01 
  50.00  1.014  5.21E+22 5.21E+21 5.21E+21 4.60E+20 8.01E+20 9.54E+20 9.20E+20 7.59E+20 5.47E+20 3.50E+20 2.00E+20 1.02E+20 4.73E+19 1.97E+19 7.42E+18 2.53E+18 7.82E+17 2.19E+17 5.57E+16 1.29E+16 2.70E+15 5.15E+14 8.94E+13 1.41E+13 2.02E+12 2.64E+11 3.13E+10 3.39E+09 3.33E+08 2.98E+07 2.43E+06 1.80E+05 1.22E+04 
  60.00  1.014  9.98E+26 9.98E+25 9.98E+25 8.81E+24 1.53E+25 1.83E+25 1.76E+25 1.45E+25 1.05E+25 6.70E+24 3.83E+24 1.96E+24 9.06E+23 3.77E+23 1.42E+23 4.84E+22 1.50E+22 4.20E+21 1.07E+21 2.47E+20 5.17E+19 9.87E+18 1.71E+18 2.70E+17 3.87E+16 5.05E+15 6.00E+14 6.48E+13 6.38E+12 5.71E+11 4.65E+10 3.46E+09 2.34E+08 
