#     E      f(E1)     Model:  3
    0.001  0.00000E+00
    0.002  0.00000E+00
    0.005  0.00000E+00
    0.010  0.00000E+00
    0.020  0.00000E+00
    0.050  0.00000E+00
    0.100  0.00000E+00
    0.200  4.29778E-12
    0.300  9.67124E-12
    0.400  1.72087E-11
    0.500  2.69059E-11
    0.600  3.87802E-11
    0.700  5.28402E-11
    0.800  6.90951E-11
    0.900  8.76046E-11
    1.000  1.08248E-10
    1.100  1.31234E-10
    1.200  1.56474E-10
    1.300  1.83970E-10
    1.400  2.13894E-10
    1.500  2.46074E-10
    1.600  2.80682E-10
    1.700  3.17719E-10
    1.800  3.57184E-10
    1.900  3.99165E-10
    2.000  4.43662E-10
    2.200  5.40546E-10
    2.400  6.48188E-10
    2.600  7.66931E-10
    2.800  8.97731E-10
    3.000  1.03998E-09
    3.200  1.19611E-09
    3.400  1.36525E-09
    3.600  1.54913E-09
    3.800  1.74776E-09
    4.000  1.96287E-09
    4.500  2.57783E-09
    5.000  3.32030E-09
    5.500  4.21717E-09
    6.000  5.30052E-09
    6.500  6.61718E-09
    7.000  8.22703E-09
    7.500  1.02177E-08
    8.000  1.26983E-08
    8.500  1.58556E-08
    9.000  1.99322E-08
    9.500  2.53186E-08
   10.000  3.25525E-08
   10.500  4.23018E-08
   11.000  5.53818E-08
   11.500  7.28593E-08
   12.000  9.61049E-08
   12.500  1.27417E-07
   13.000  1.71306E-07
   13.500  2.30721E-07
   14.000  3.02800E-07
   14.500  3.78435E-07
   15.000  4.37763E-07
   15.500  4.70116E-07
   16.000  4.81652E-07
   16.500  4.78876E-07
   17.000  4.80004E-07
   17.500  4.93102E-07
   18.000  4.99954E-07
   18.500  4.85902E-07
   19.000  4.56845E-07
   19.500  4.04282E-07
   20.000  3.39403E-07
   20.500  2.82763E-07
   21.000  2.41910E-07
   21.500  2.15282E-07
   22.000  1.96980E-07
   22.500  1.82062E-07
   23.000  1.67143E-07
   23.500  1.49448E-07
   24.000  1.28545E-07
   24.500  1.08942E-07
   25.000  9.45436E-08
   25.500  8.61041E-08
   26.000  8.20534E-08
   26.500  7.99457E-08
   27.000  7.69533E-08
   27.500  7.21307E-08
   28.000  6.64148E-08
   28.500  6.03258E-08
   29.000  5.40720E-08
   29.500  4.76968E-08
   30.000  4.19895E-08
