#     E      f(E1)     Model:  7
    0.001  0.00000E+00
    0.002  0.00000E+00
    0.005  0.00000E+00
    0.010  0.00000E+00
    0.020  0.00000E+00
    0.050  0.00000E+00
    0.100  0.00000E+00
    0.200  4.68775E-10
    0.300  3.44408E-10
    0.400  2.89638E-10
    0.500  2.44395E-10
    0.600  2.12641E-10
    0.700  1.89714E-10
    0.800  1.72774E-10
    0.900  1.61199E-10
    1.000  1.54501E-10
    1.100  1.50061E-10
    1.200  1.47322E-10
    1.300  1.45607E-10
    1.400  1.44004E-10
    1.500  1.42646E-10
    1.600  1.40574E-10
    1.700  1.49152E-10
    1.800  1.59549E-10
    1.900  1.69572E-10
    2.000  1.86919E-10
    2.200  2.35405E-10
    2.400  3.28041E-10
    2.600  4.46003E-10
    2.800  4.74367E-10
    3.000  5.02035E-10
    3.200  4.59188E-10
    3.400  4.44875E-10
    3.600  4.77141E-10
    3.800  5.29965E-10
    4.000  7.90350E-10
    4.500  1.05559E-09
    5.000  1.73822E-09
    5.500  2.96988E-09
    6.000  4.95876E-09
    6.500  7.97636E-09
    7.000  1.24815E-08
    7.500  1.72607E-08
    8.000  2.94733E-08
    8.500  3.43913E-08
    9.000  4.71330E-08
    9.500  3.95869E-08
   10.000  3.74271E-08
   10.500  4.75320E-08
   11.000  9.21150E-08
   11.500  1.43290E-07
   12.000  1.95766E-07
   12.500  1.34790E-07
   13.000  1.34183E-07
   13.500  1.84143E-07
   14.000  2.96468E-07
   14.500  4.07492E-07
   15.000  3.57444E-07
   15.500  3.02627E-07
   16.000  2.97682E-07
   16.500  3.16504E-07
   17.000  3.16591E-07
   17.500  2.93779E-07
   18.000  2.73309E-07
   18.500  2.66804E-07
   19.000  2.72355E-07
   19.500  2.83631E-07
   20.000  2.93779E-07
   20.500  2.98463E-07
   21.000  2.97249E-07
   21.500  2.92044E-07
   22.000  2.84932E-07
   22.500  2.77299E-07
   23.000  2.69493E-07
   23.500  2.61513E-07
   24.000  2.53099E-07
   24.500  2.36359E-07
   25.000  2.18925E-07
   25.500  2.03052E-07
   26.000  1.88827E-07
   26.500  1.76077E-07
   27.000  1.64801E-07
   27.500  1.54653E-07
   28.000  1.45719E-07
   28.500  1.37652E-07
   29.000  1.30453E-07
   29.500  1.24034E-07
   30.000  1.18223E-07
