#     E      f(E1)     Model:  2
    0.001  0.00000E+00
    0.002  6.88512E-12
    0.005  1.72128E-11
    0.010  3.44256E-11
    0.020  6.88513E-11
    0.050  1.72130E-10
    0.100  3.44275E-10
    0.200  6.88662E-10
    0.300  1.03328E-09
    0.400  1.37823E-09
    0.500  1.72364E-09
    0.600  2.06961E-09
    0.700  2.41626E-09
    0.800  2.76372E-09
    0.900  3.11208E-09
    1.000  3.46147E-09
    1.100  3.81201E-09
    1.200  4.16381E-09
    1.300  4.51699E-09
    1.400  4.87167E-09
    1.500  5.22798E-09
    1.600  5.58603E-09
    1.700  5.94596E-09
    1.800  6.30787E-09
    1.900  6.67192E-09
    2.000  7.03821E-09
    2.200  7.77807E-09
    2.400  8.52852E-09
    2.600  9.29068E-09
    2.800  1.00657E-08
    3.000  1.08547E-08
    3.200  1.16590E-08
    3.400  1.24798E-08
    3.600  1.33185E-08
    3.800  1.41765E-08
    4.000  1.50552E-08
    4.500  1.73531E-08
    5.000  1.98171E-08
    5.500  2.24776E-08
    6.000  2.53698E-08
    6.500  2.85348E-08
    7.000  3.20213E-08
    7.500  3.58867E-08
    8.000  4.01999E-08
    8.500  4.50436E-08
    9.000  5.05178E-08
    9.500  5.67441E-08
   10.000  6.38713E-08
   10.500  7.20816E-08
   11.000  8.15990E-08
   11.500  9.26991E-08
   12.000  1.05719E-07
   12.500  1.21070E-07
   13.000  1.39241E-07
   13.500  1.60798E-07
   14.000  1.86360E-07
   14.500  2.16519E-07
   15.000  2.51683E-07
   15.500  2.91765E-07
   16.000  3.35701E-07
   16.500  3.80828E-07
   17.000  4.22438E-07
   17.500  4.54129E-07
   18.000  4.69555E-07
   18.500  4.65144E-07
   19.000  4.41987E-07
   19.500  4.05234E-07
   20.000  3.61564E-07
   20.500  3.16746E-07
   21.000  2.74551E-07
   21.500  2.36849E-07
   22.000  2.04196E-07
   22.500  1.76407E-07
   23.000  1.52965E-07
   23.500  1.33253E-07
   24.000  1.16672E-07
   24.500  1.02688E-07
   25.000  9.08486E-08
   25.500  8.07779E-08
   26.000  7.21684E-08
   26.500  6.47700E-08
   27.000  5.83792E-08
   27.500  5.28309E-08
   28.000  4.79903E-08
   28.500  4.37473E-08
   29.000  4.00114E-08
   29.500  3.67079E-08
   30.000  3.37749E-08
