#     E      f(E1)     Model:  9
    0.001  0.00000E+00
    0.002  0.00000E+00
    0.005  0.00000E+00
    0.010  0.00000E+00
    0.020  0.00000E+00
    0.050  0.00000E+00
    0.100  0.00000E+00
    0.200  7.88412E-11
    0.300  9.19853E-11
    0.400  1.06474E-10
    0.500  1.22729E-10
    0.600  1.40729E-10
    0.700  1.59757E-10
    0.800  1.81328E-10
    0.900  2.06051E-10
    1.000  2.33660E-10
    1.100  2.64395E-10
    1.200  2.97640E-10
    1.300  3.33495E-10
    1.400  3.71883E-10
    1.500  4.11431E-10
    1.600  4.52571E-10
    1.700  5.03810E-10
    1.800  5.56316E-10
    1.900  6.06987E-10
    2.000  6.74036E-10
    2.200  8.20014E-10
    2.400  9.80999E-10
    2.600  1.15968E-09
    2.800  1.34963E-09
    3.000  1.56040E-09
    3.200  1.79026E-09
    3.400  2.04006E-09
    3.600  2.30981E-09
    3.800  2.60038E-09
    4.000  2.91004E-09
    4.500  3.78001E-09
    5.000  4.80958E-09
    5.500  6.02997E-09
    6.000  7.46028E-09
    6.500  9.14210E-09
    7.000  1.11024E-08
    7.500  1.34009E-08
    8.000  1.62025E-08
    8.500  1.94031E-08
    9.000  2.32976E-08
    9.500  2.79034E-08
   10.000  3.36020E-08
   10.500  4.04022E-08
   11.000  4.87030E-08
   11.500  5.89987E-08
   12.000  7.18966E-08
   12.500  8.80383E-08
   13.000  1.07988E-07
   13.500  1.34009E-07
   14.000  1.66969E-07
   14.500  2.07996E-07
   15.000  2.57957E-07
   15.500  3.15030E-07
   16.000  3.74011E-07
   16.500  4.27007E-07
   17.000  4.68034E-07
   17.500  4.95009E-07
   18.000  5.06025E-07
   18.500  4.97958E-07
   19.000  4.70983E-07
   19.500  4.29003E-07
   20.000  3.79042E-07
   20.500  3.28040E-07
   21.000  2.81983E-07
   21.500  2.41997E-07
   22.000  2.09037E-07
   22.500  1.81021E-07
   23.000  1.58035E-07
   23.500  1.39040E-07
   24.000  1.22993E-07
   24.500  1.09029E-07
   25.000  9.78396E-08
   25.500  8.82118E-08
   26.000  7.99978E-08
   26.500  7.29027E-08
   27.000  6.67009E-08
   27.500  6.12972E-08
   28.000  5.65961E-08
   28.500  5.23980E-08
   29.000  4.87030E-08
   29.500  4.53983E-08
   30.000  4.23972E-08
