#     E      f(E1)     Model:  6
    0.001  0.00000E+00
    0.002  0.00000E+00
    0.005  0.00000E+00
    0.010  0.00000E+00
    0.020  0.00000E+00
    0.050  0.00000E+00
    0.100  0.00000E+00
    0.200  1.83489E-09
    0.300  1.34806E-09
    0.400  1.11421E-09
    0.500  9.80971E-10
    0.600  8.98097E-10
    0.700  8.44121E-10
    0.800  8.08045E-10
    0.900  7.84547E-10
    1.000  7.72028E-10
    1.100  7.66062E-10
    1.200  7.64736E-10
    1.300  7.66400E-10
    1.400  7.70063E-10
    1.500  7.74253E-10
    1.600  7.77000E-10
    1.700  7.99423E-10
    1.800  8.19519E-10
    1.900  8.30076E-10
    2.000  8.79515E-10
    2.200  9.84467E-10
    2.400  1.09809E-09
    2.600  1.22300E-09
    2.800  1.36178E-09
    3.000  1.52311E-09
    3.200  1.74342E-09
    3.400  2.04873E-09
    3.600  2.30114E-09
    3.800  2.58911E-09
    4.000  2.96641E-09
    4.500  3.76353E-09
    5.000  4.56585E-09
    5.500  5.49047E-09
    6.000  6.58075E-09
    6.500  7.88442E-09
    7.000  9.46303E-09
    7.500  1.14060E-08
    8.000  1.38346E-08
    8.500  1.69658E-08
    9.000  2.11119E-08
    9.500  2.68712E-08
   10.000  3.53368E-08
   10.500  4.85989E-08
   11.000  6.95286E-08
   11.500  9.63651E-08
   12.000  1.19004E-07
   12.500  1.38953E-07
   13.000  1.61852E-07
   13.500  1.84837E-07
   14.000  2.07302E-07
   14.500  2.31675E-07
   15.000  2.63161E-07
   15.500  2.99591E-07
   16.000  3.28301E-07
   16.500  3.46169E-07
   17.000  3.62562E-07
   17.500  3.81904E-07
   18.000  4.01594E-07
   18.500  4.16946E-07
   19.000  4.21717E-07
   19.500  4.14517E-07
   20.000  3.99686E-07
   20.500  3.81644E-07
   21.000  3.61695E-07
   21.500  3.39316E-07
   22.000  3.13902E-07
   22.500  2.85713E-07
   23.000  2.55788E-07
   23.500  2.25951E-07
   24.000  1.97935E-07
   24.500  1.73041E-07
   25.000  1.51617E-07
   25.500  1.33662E-07
   26.000  1.18570E-07
   26.500  1.05906E-07
   27.000  9.52375E-08
   27.500  8.59914E-08
   28.000  7.79768E-08
   28.500  7.09164E-08
   29.000  6.46539E-08
   29.500  5.90681E-08
   30.000  5.40634E-08
