#     E      f(E1)     Model:  5
    0.001  9.39417E-09
    0.002  9.39333E-09
    0.005  9.39078E-09
    0.010  9.38655E-09
    0.020  9.37811E-09
    0.050  9.35303E-09
    0.100  9.31198E-09
    0.200  9.23266E-09
    0.300  9.15703E-09
    0.400  9.08507E-09
    0.500  9.01675E-09
    0.600  8.95204E-09
    0.700  8.89095E-09
    0.800  8.83343E-09
    0.900  8.77949E-09
    1.000  8.72911E-09
    1.100  8.68227E-09
    1.200  8.63898E-09
    1.300  8.59922E-09
    1.400  8.56300E-09
    1.500  8.53032E-09
    1.600  8.50117E-09
    1.700  8.47557E-09
    1.800  8.45351E-09
    1.900  8.43502E-09
    2.000  8.42009E-09
    2.200  8.40101E-09
    2.400  8.39642E-09
    2.600  8.40650E-09
    2.800  8.43148E-09
    3.000  8.47164E-09
    3.200  8.52729E-09
    3.400  8.59879E-09
    3.600  8.68657E-09
    3.800  8.79108E-09
    4.000  8.91285E-09
    4.500  9.29676E-09
    5.000  9.80325E-09
    5.500  1.04461E-08
    6.000  1.12426E-08
    6.500  1.22145E-08
    7.000  1.33884E-08
    7.500  1.47981E-08
    8.000  1.64852E-08
    8.500  1.85024E-08
    9.000  2.09159E-08
    9.500  2.38097E-08
   10.000  2.72915E-08
   10.500  3.14999E-08
   11.000  3.66150E-08
   11.500  4.34708E-08
   12.000  5.23213E-08
   12.500  6.32512E-08
   13.000  7.68517E-08
   13.500  9.38932E-08
   14.000  1.15362E-07
   14.500  1.42470E-07
   15.000  1.76583E-07
   15.500  2.18940E-07
   16.000  2.69963E-07
   16.500  3.27916E-07
   17.000  3.87125E-07
   17.500  4.37164E-07
   18.000  4.65666E-07
   18.500  4.65110E-07
   19.000  4.37867E-07
   19.500  3.93882E-07
   20.000  3.44068E-07
   20.500  2.95958E-07
   21.000  2.53200E-07
   21.500  2.16819E-07
   22.000  1.86509E-07
   22.500  1.61465E-07
   23.000  1.40790E-07
   23.500  1.23665E-07
   24.000  1.09401E-07
   24.500  9.74410E-08
   25.000  8.73402E-08
   25.500  7.87477E-08
   26.000  7.13863E-08
   26.500  6.50366E-08
   27.000  5.95241E-08
   27.500  5.47089E-08
   28.000  5.04789E-08
   28.500  4.67427E-08
   29.000  4.34262E-08
   29.500  4.04683E-08
   30.000  3.78186E-08
