#     E      f(E1)     Model:  1
    0.001  1.55646E-09
    0.002  1.55574E-09
    0.005  1.55358E-09
    0.010  1.54999E-09
    0.020  1.54278E-09
    0.050  1.52110E-09
    0.100  1.48470E-09
    0.200  1.41100E-09
    0.300  1.33612E-09
    0.400  1.26014E-09
    0.500  1.18311E-09
    0.600  1.10509E-09
    0.700  1.02616E-09
    0.800  9.46356E-10
    0.900  8.65753E-10
    1.000  7.84408E-10
    1.100  7.02378E-10
    1.200  6.19725E-10
    1.300  5.36507E-10
    1.400  4.52782E-10
    1.500  3.68611E-10
    1.600  2.84052E-10
    1.700  1.99164E-10
    1.800  1.14007E-10
    1.900  7.08224E-11
    2.000  8.27952E-11
    2.200  1.10753E-10
    2.400  1.44578E-10
    2.600  1.84921E-10
    2.800  2.32464E-10
    3.000  2.87924E-10
    3.200  3.52061E-10
    3.400  4.25678E-10
    3.600  5.09630E-10
    3.800  6.04825E-10
    4.000  7.12231E-10
    4.500  1.04116E-09
    5.000  1.47148E-09
    5.500  2.02526E-09
    6.000  2.72932E-09
    6.500  3.61650E-09
    7.000  4.72746E-09
    7.500  6.11287E-09
    8.000  7.83650E-09
    8.500  9.97923E-09
    9.000  1.26446E-08
    9.500  1.59661E-08
   10.000  2.01176E-08
   10.500  2.53271E-08
   11.000  3.18963E-08
   11.500  4.02264E-08
   12.000  5.08542E-08
   12.500  6.44970E-08
   13.000  8.21085E-08
   13.500  1.04932E-07
   14.000  1.34520E-07
   14.500  1.72637E-07
   15.000  2.20868E-07
   15.500  2.79631E-07
   16.000  3.46363E-07
   16.500  4.13378E-07
   17.000  4.67724E-07
   17.500  4.96046E-07
   18.000  4.92663E-07
   18.500  4.62884E-07
   19.000  4.18109E-07
   19.500  3.68937E-07
   20.000  3.22011E-07
   20.500  2.80326E-07
   21.000  2.44624E-07
   21.500  2.14561E-07
   22.000  1.89397E-07
   22.500  1.68328E-07
   23.000  1.50621E-07
   23.500  1.35656E-07
   24.000  1.22924E-07
   24.500  1.12017E-07
   25.000  1.02608E-07
   25.500  9.44381E-08
   26.000  8.72967E-08
   26.500  8.10163E-08
   27.000  7.54610E-08
   27.500  7.05202E-08
   28.000  6.61036E-08
   28.500  6.21367E-08
   29.000  5.85578E-08
   29.500  5.53153E-08
   30.000  5.23663E-08
