#     E      f(E1)     Model:  8
    0.001  1.21552E-09
    0.002  1.21536E-09
    0.005  1.21490E-09
    0.010  1.21414E-09
    0.020  1.21260E-09
    0.050  1.20797E-09
    0.100  1.20016E-09
    0.200  1.19927E-09
    0.300  1.19885E-09
    0.400  1.20287E-09
    0.500  1.21152E-09
    0.600  1.22493E-09
    0.700  1.24330E-09
    0.800  1.26665E-09
    0.900  1.29496E-09
    1.000  1.32838E-09
    1.100  1.36687E-09
    1.200  1.41052E-09
    1.300  1.45938E-09
    1.400  1.51346E-09
    1.500  1.57284E-09
    1.600  1.63760E-09
    1.700  1.70786E-09
    1.800  1.78355E-09
    1.900  1.86532E-09
    2.000  1.95251E-09
    2.200  2.14603E-09
    2.400  2.36560E-09
    2.600  2.61201E-09
    2.800  2.88878E-09
    3.000  3.19777E-09
    3.200  3.54084E-09
    3.400  3.92153E-09
    3.600  4.34232E-09
    3.800  4.80553E-09
    4.000  5.31325E-09
    4.500  6.79827E-09
    5.000  8.62313E-09
    5.500  1.08452E-08
    6.000  1.35197E-08
    6.500  1.67413E-08
    7.000  2.06105E-08
    7.500  2.52724E-08
    8.000  3.08903E-08
    8.500  3.76544E-08
    9.000  4.58069E-08
    9.500  5.56077E-08
   10.000  6.74211E-08
   10.500  8.16632E-08
   11.000  9.88805E-08
   11.500  1.19524E-07
   12.000  1.44331E-07
   12.500  1.74082E-07
   13.000  2.09557E-07
   13.500  2.51451E-07
   14.000  2.99591E-07
   14.500  3.51806E-07
   15.000  4.02982E-07
   15.500  4.45656E-07
   16.000  4.74366E-07
   16.500  4.87637E-07
   17.000  4.87030E-07
   17.500  4.74193E-07
   18.000  4.50861E-07
   18.500  4.19895E-07
   19.000  3.84940E-07
   19.500  3.49291E-07
   20.000  3.15203E-07
   20.500  2.83371E-07
   21.000  2.53793E-07
   21.500  2.26384E-07
   22.000  2.01317E-07
   22.500  1.78852E-07
   23.000  1.59076E-07
   23.500  1.41989E-07
   24.000  1.27330E-07
   24.500  1.14753E-07
   25.000  1.03998E-07
   25.500  9.47171E-08
   26.000  8.67373E-08
   26.500  7.98504E-08
   27.000  7.38308E-08
   27.500  6.85745E-08
   28.000  6.39514E-08
   28.500  5.98661E-08
   29.000  5.62404E-08
   29.500  5.30138E-08
   30.000  5.01255E-08
