#     E      f(M1)     Model:  2
    0.001  0.00000E+00
    0.002  2.40329E-13
    0.005  6.00823E-13
    0.010  1.20165E-12
    0.020  2.40331E-12
    0.050  6.00848E-12
    0.100  1.20185E-11
    0.200  2.40490E-11
    0.300  3.61037E-11
    0.400  4.81948E-11
    0.500  6.03343E-11
    0.600  7.25349E-11
    0.700  8.48088E-11
    0.800  9.71689E-11
    0.900  1.09628E-10
    1.000  1.22199E-10
    1.100  1.34896E-10
    1.200  1.47732E-10
    1.300  1.60721E-10
    1.400  1.73878E-10
    1.500  1.87218E-10
    1.600  2.00755E-10
    1.700  2.14506E-10
    1.800  2.28487E-10
    1.900  2.42715E-10
    2.000  2.57208E-10
    2.200  2.87061E-10
    2.400  3.18202E-10
    2.600  3.50801E-10
    2.800  3.85043E-10
    3.000  4.21135E-10
    3.200  4.59302E-10
    3.400  4.99796E-10
    3.600  5.42899E-10
    3.800  5.88925E-10
    4.000  6.38228E-10
    4.500  7.78570E-10
    5.000  9.49874E-10
    5.500  1.16301E-09
    6.000  1.43329E-09
    6.500  1.78239E-09
    7.000  2.24100E-09
    7.500  2.85136E-09
    8.000  3.66694E-09
    8.500  4.73977E-09
    9.000  6.07248E-09
    9.500  7.50573E-09
   10.000  8.59908E-09
   10.500  8.79745E-09
   11.000  7.98063E-09
   11.500  6.61238E-09
   12.000  5.22005E-09
   12.500  4.05689E-09
   13.000  3.16219E-09
   13.500  2.49335E-09
   14.000  1.99487E-09
   14.500  1.62014E-09
   15.000  1.33466E-09
   15.500  1.11392E-09
   16.000  9.40686E-10
   16.500  8.02808E-10
   17.000  6.91625E-10
   17.500  6.00886E-10
   18.000  5.26016E-10
   18.500  4.63621E-10
   19.000  4.11148E-10
   19.500  3.66653E-10
   20.000  3.28635E-10
   20.500  2.95927E-10
   21.000  2.67607E-10
   21.500  2.42943E-10
   22.000  2.21347E-10
   22.500  2.02343E-10
   23.000  1.85542E-10
   23.500  1.70625E-10
   24.000  1.57328E-10
   24.500  1.45430E-10
   25.000  1.34747E-10
   25.500  1.25124E-10
   26.000  1.16428E-10
   26.500  1.08548E-10
   27.000  1.01388E-10
   27.500  9.48643E-11
   28.000  8.89069E-11
   28.500  8.34539E-11
   29.000  7.84517E-11
   29.500  7.38534E-11
   30.000  6.96182E-11
