#     E      f(M1)     Model:  3
    0.001  1.11847E-08
    0.002  1.11764E-08
    0.005  1.11505E-08
    0.010  1.11075E-08
    0.020  1.10220E-08
    0.050  1.07697E-08
    0.100  1.03629E-08
    0.200  9.59854E-09
    0.300  8.89549E-09
    0.400  8.24925E-09
    0.500  7.65566E-09
    0.600  7.11086E-09
    0.700  6.61136E-09
    0.800  6.15395E-09
    0.900  5.73570E-09
    1.000  5.35399E-09
    1.100  5.00641E-09
    1.200  4.69084E-09
    1.300  4.40541E-09
    1.400  4.14849E-09
    1.500  3.91869E-09
    1.600  3.71489E-09
    1.700  3.53625E-09
    1.800  3.38221E-09
    1.900  3.25249E-09
    2.000  3.14718E-09
    2.200  3.01167E-09
    2.400  2.98212E-09
    2.600  3.06453E-09
    2.800  3.24639E-09
    3.000  3.45827E-09
    3.200  3.55456E-09
    3.400  3.41696E-09
    3.600  3.09816E-09
    3.800  2.74799E-09
    4.000  2.46277E-09
    4.500  2.11541E-09
    5.000  2.13769E-09
    5.500  2.40180E-09
    6.000  2.87808E-09
    6.500  3.58644E-09
    7.000  4.56378E-09
    7.500  5.81444E-09
    8.000  7.20458E-09
    8.500  8.33426E-09
    9.000  8.64681E-09
    9.500  7.94694E-09
   10.000  6.63903E-09
   10.500  5.25851E-09
   11.000  4.08697E-09
   11.500  3.18028E-09
   12.000  2.50146E-09
   12.500  1.99587E-09
   13.000  1.61643E-09
   13.500  1.32797E-09
   14.000  1.10542E-09
   14.500  9.31148E-10
   15.000  7.92746E-10
   15.500  6.81372E-10
   16.000  5.90660E-10
   16.500  5.15956E-10
   17.000  4.53814E-10
   17.500  4.01647E-10
   18.000  3.57487E-10
   18.500  3.19819E-10
   19.000  2.87464E-10
   19.500  2.59494E-10
   20.000  2.35172E-10
   20.500  2.13908E-10
   21.000  1.95223E-10
   21.500  1.78728E-10
   22.000  1.64104E-10
   22.500  1.51085E-10
   23.000  1.39453E-10
   23.500  1.29022E-10
   24.000  1.19638E-10
   24.500  1.11170E-10
   25.000  1.03506E-10
   25.500  9.65504E-11
   26.000  9.02216E-11
   26.500  8.44489E-11
   27.000  7.91714E-11
   27.500  7.43357E-11
   28.000  6.98958E-11
   28.500  6.58111E-11
   29.000  6.20460E-11
   29.500  5.85694E-11
   30.000  5.53535E-11
