   0.25  0.080  4.67E-01 1.87E+00 1.87E+00 1.65E-01 2.87E-01 3.42E-01 3.30E-01 2.72E-01 1.96E-01 1.26E-01 7.17E-02 3.67E-02 1.70E-02 7.06E-03 2.66E-03 9.07E-04 2.80E-04 7.86E-05 2.00E-05 4.62E-06 9.69E-07 1.85E-07 3.20E-08 5.05E-09 7.25E-10 9.46E-11 1.12E-11 1.21E-12 1.19E-13 1.07E-14 8.72E-16 6.47E-17 4.37E-18 
   0.50  0.117  1.77E+00 5.22E+00 5.22E+00 4.61E-01 8.02E-01 9.54E-01 9.21E-01 7.59E-01 5.48E-01 3.50E-01 2.00E-01 1.03E-01 4.73E-02 1.97E-02 7.42E-03 2.53E-03 7.82E-04 2.19E-04 5.58E-05 1.29E-05 2.70E-06 5.16E-07 8.94E-08 1.41E-08 2.02E-09 2.64E-10 3.13E-11 3.39E-12 3.33E-13 2.98E-14 2.43E-15 1.81E-16 1.22E-17 
   0.75  0.117  2.77E+00 3.99E+00 3.99E+00 3.52E-01 6.13E-01 7.30E-01 7.04E-01 5.81E-01 4.19E-01 2.68E-01 1.53E-01 7.85E-02 3.62E-02 1.51E-02 5.68E-03 1.94E-03 5.99E-04 1.68E-04 4.27E-05 9.86E-06 2.07E-06 3.95E-07 6.84E-08 1.08E-08 1.55E-09 2.02E-10 2.40E-11 2.59E-12 2.55E-13 2.28E-14 1.86E-15 1.38E-16 9.34E-18 
   1.00  0.000  3.24E+00 1.87E+00 1.87E+00 1.65E-01 2.87E-01 3.42E-01 3.30E-01 2.72E-01 1.96E-01 1.25E-01 7.16E-02 3.67E-02 1.69E-02 7.06E-03 2.66E-03 9.06E-04 2.80E-04 7.85E-05 2.00E-05 4.61E-06 9.68E-07 1.85E-07 3.20E-08 5.05E-09 7.24E-10 9.45E-11 1.12E-11 1.21E-12 1.19E-13 1.07E-14 8.71E-16 6.46E-17 4.37E-18 
   1.25  0.190  3.98E+00 2.97E+00 2.97E+00 2.62E-01 4.57E-01 5.44E-01 5.24E-01 4.32E-01 3.12E-01 2.00E-01 1.14E-01 5.84E-02 2.70E-02 1.12E-02 4.23E-03 1.44E-03 4.46E-04 1.25E-04 3.18E-05 7.34E-06 1.54E-06 2.94E-07 5.09E-08 8.03E-09 1.15E-09 1.50E-10 1.79E-11 1.93E-12 1.90E-13 1.70E-14 1.39E-15 1.03E-16 6.95E-18 
   1.50  0.188  5.30E+00 5.28E+00 5.28E+00 4.66E-01 8.11E-01 9.66E-01 9.32E-01 7.68E-01 5.54E-01 3.54E-01 2.02E-01 1.04E-01 4.79E-02 1.99E-02 7.51E-03 2.56E-03 7.91E-04 2.22E-04 5.64E-05 1.30E-05 2.74E-06 5.22E-07 9.05E-08 1.43E-08 2.05E-09 2.67E-10 3.17E-11 3.43E-12 3.37E-13 3.02E-14 2.46E-15 1.83E-16 1.23E-17 
   1.75  0.766  7.15E+00 7.40E+00 7.40E+00 6.54E-01 1.14E+00 1.35E+00 1.31E+00 1.08E+00 7.78E-01 4.97E-01 2.84E-01 1.46E-01 6.72E-02 2.80E-02 1.05E-02 3.59E-03 1.11E-03 3.11E-04 7.92E-05 1.83E-05 3.84E-06 7.32E-07 1.27E-07 2.00E-08 2.87E-09 3.75E-10 4.45E-11 4.81E-12 4.73E-13 4.24E-14 3.45E-15 2.56E-16 1.73E-17 
   2.00  1.055  8.48E+00 5.33E+00 5.33E+00 4.70E-01 8.19E-01 9.75E-01 9.40E-01 7.75E-01 5.59E-01 3.58E-01 2.04E-01 1.05E-01 4.83E-02 2.01E-02 7.58E-03 2.59E-03 7.99E-04 2.24E-04 5.70E-05 1.32E-05 2.76E-06 5.27E-07 9.13E-08 1.44E-08 2.07E-09 2.70E-10 3.20E-11 3.46E-12 3.40E-13 3.05E-14 2.48E-15 1.84E-16 1.25E-17 
   2.25  0.297  1.16E+01 1.24E+01 1.24E+01 1.10E+00 1.91E+00 2.28E+00 2.20E+00 1.81E+00 1.31E+00 8.36E-01 4.77E-01 2.45E-01 1.13E-01 4.70E-02 1.77E-02 6.04E-03 1.87E-03 5.23E-04 1.33E-04 3.07E-05 6.45E-06 1.23E-06 2.13E-07 3.37E-08 4.83E-09 6.30E-10 7.48E-11 8.08E-12 7.95E-13 7.12E-14 5.80E-15 4.31E-16 2.91E-17 
   2.50  0.297  1.52E+01 1.45E+01 1.45E+01 1.28E+00 2.23E+00 2.65E+00 2.56E+00 2.11E+00 1.52E+00 9.73E-01 5.56E-01 2.85E-01 1.32E-01 5.48E-02 2.06E-02 7.04E-03 2.17E-03 6.09E-04 1.55E-04 3.58E-05 7.51E-06 1.43E-06 2.49E-07 3.92E-08 5.62E-09 7.34E-10 8.71E-11 9.41E-12 9.26E-13 8.29E-14 6.76E-15 5.02E-16 3.39E-17 
   2.75  0.670  2.05E+01 2.10E+01 2.10E+01 1.86E+00 3.23E+00 3.85E+00 3.71E+00 3.06E+00 2.21E+00 1.41E+00 8.07E-01 4.14E-01 1.91E-01 7.95E-02 2.99E-02 1.02E-02 3.16E-03 8.84E-04 2.25E-04 5.20E-05 1.09E-05 2.08E-06 3.61E-07 5.69E-08 8.16E-09 1.06E-09 1.26E-10 1.37E-11 1.34E-12 1.20E-13 9.81E-15 7.28E-16 4.92E-17 
   3.00  0.568  2.82E+01 3.07E+01 3.07E+01 2.71E+00 4.72E+00 5.62E+00 5.42E+00 4.47E+00 3.23E+00 2.06E+00 1.18E+00 6.04E-01 2.79E-01 1.16E-01 4.37E-02 1.49E-02 4.61E-03 1.29E-03 3.29E-04 7.59E-05 1.59E-05 3.04E-06 5.27E-07 8.31E-08 1.19E-08 1.55E-09 1.85E-10 2.00E-11 1.96E-12 1.76E-13 1.43E-14 1.06E-15 7.19E-17 
   3.25  0.522  3.75E+01 3.73E+01 3.73E+01 3.29E+00 5.73E+00 6.82E+00 6.58E+00 5.42E+00 3.91E+00 2.50E+00 1.43E+00 7.33E-01 3.38E-01 1.41E-01 5.31E-02 1.81E-02 5.59E-03 1.57E-03 3.99E-04 9.21E-05 1.93E-05 3.69E-06 6.39E-07 1.01E-07 1.45E-08 1.89E-09 2.24E-10 2.42E-11 2.38E-12 2.13E-13 1.74E-14 1.29E-15 8.72E-17 
   3.50  0.747  5.07E+01 5.28E+01 5.28E+01 4.66E+00 8.12E+00 9.67E+00 9.32E+00 7.69E+00 5.55E+00 3.55E+00 2.03E+00 1.04E+00 4.79E-01 2.00E-01 7.52E-02 2.56E-02 7.92E-03 2.22E-03 5.65E-04 1.30E-04 2.74E-05 5.22E-06 9.06E-07 1.43E-07 2.05E-08 2.67E-09 3.17E-10 3.43E-11 3.37E-12 3.02E-13 2.46E-14 1.83E-15 1.24E-16 
   3.75  1.073  6.68E+01 6.45E+01 6.45E+01 5.69E+00 9.91E+00 1.18E+01 1.14E+01 9.39E+00 6.77E+00 4.33E+00 2.47E+00 1.27E+00 5.85E-01 2.44E-01 9.18E-02 3.13E-02 9.67E-03 2.71E-03 6.90E-04 1.59E-04 3.34E-05 6.38E-06 1.11E-06 1.74E-07 2.50E-08 3.26E-09 3.88E-10 4.19E-11 4.12E-12 3.69E-13 3.01E-14 2.23E-15 1.51E-16 
   4.00  0.982  9.11E+01 9.71E+01 9.71E+01 8.57E+00 1.49E+01 1.78E+01 1.71E+01 1.41E+01 1.02E+01 6.52E+00 3.72E+00 1.91E+00 8.81E-01 3.67E-01 1.38E-01 4.71E-02 1.46E-02 4.08E-03 1.04E-03 2.40E-04 5.03E-05 9.60E-06 1.66E-06 2.62E-07 3.77E-08 4.91E-09 5.83E-10 6.31E-11 6.20E-12 5.55E-13 4.53E-14 3.36E-15 2.27E-16 
   4.25  1.205  1.20E+02 1.15E+02 1.15E+02 1.01E+01 1.76E+01 2.10E+01 2.02E+01 1.67E+01 1.20E+01 7.70E+00 4.40E+00 2.25E+00 1.04E+00 4.33E-01 1.63E-01 5.56E-02 1.72E-02 4.82E-03 1.23E-03 2.83E-04 5.94E-05 1.13E-05 1.96E-06 3.10E-07 4.44E-08 5.80E-09 6.89E-10 7.44E-11 7.32E-12 6.56E-13 5.34E-14 3.97E-15 2.68E-16 
   4.50  1.913  1.53E+02 1.32E+02 1.32E+02 1.17E+01 2.04E+01 2.42E+01 2.34E+01 1.93E+01 1.39E+01 8.90E+00 5.08E+00 2.60E+00 1.20E+00 5.01E-01 1.89E-01 6.43E-02 1.99E-02 5.57E-03 1.42E-03 3.27E-04 6.87E-05 1.31E-05 2.27E-06 3.58E-07 5.14E-08 6.70E-09 7.96E-10 8.60E-11 8.46E-12 7.58E-13 6.18E-14 4.59E-15 3.10E-16 
   4.75  1.706  1.87E+02 1.36E+02 1.36E+02 1.20E+01 2.09E+01 2.49E+01 2.40E+01 1.98E+01 1.43E+01 9.13E+00 5.22E+00 2.67E+00 1.23E+00 5.14E-01 1.94E-01 6.60E-02 2.04E-02 5.72E-03 1.45E-03 3.36E-04 7.05E-05 1.34E-05 2.33E-06 3.68E-07 5.27E-08 6.88E-09 8.17E-10 8.83E-11 8.69E-12 7.78E-13 6.34E-14 4.71E-15 3.18E-16 
   5.00  1.282  2.30E+02 1.71E+02 1.71E+02 1.51E+01 2.63E+01 3.13E+01 3.02E+01 2.49E+01 1.80E+01 1.15E+01 6.56E+00 3.36E+00 1.55E+00 6.47E-01 2.44E-01 8.31E-02 2.57E-02 7.19E-03 1.83E-03 4.23E-04 8.87E-05 1.69E-05 2.93E-06 4.63E-07 6.64E-08 8.66E-09 1.03E-09 1.11E-10 1.09E-11 9.79E-13 7.98E-14 5.92E-15 4.00E-16 
   5.50  3.428  3.55E+02 2.51E+02 2.51E+02 2.21E+01 3.85E+01 4.58E+01 4.42E+01 3.65E+01 2.63E+01 1.68E+01 9.61E+00 4.93E+00 2.27E+00 9.47E-01 3.57E-01 1.22E-01 3.76E-02 1.05E-02 2.68E-03 6.19E-04 1.30E-04 2.48E-05 4.30E-06 6.77E-07 9.72E-08 1.27E-08 1.51E-09 1.63E-10 1.60E-11 1.43E-12 1.17E-13 8.67E-15 5.86E-16 
   6.00  1.083  5.60E+02 4.09E+02 4.09E+02 3.61E+01 6.29E+01 7.49E+01 7.23E+01 5.96E+01 4.30E+01 2.75E+01 1.57E+01 8.05E+00 3.72E+00 1.55E+00 5.83E-01 1.99E-01 6.14E-02 1.72E-02 4.38E-03 1.01E-03 2.12E-04 4.05E-05 7.02E-06 1.11E-06 1.59E-07 2.07E-08 2.46E-09 2.66E-10 2.62E-11 2.34E-12 1.91E-13 1.42E-14 9.58E-16 
   6.50  1.029  8.95E+02 6.71E+02 6.71E+02 5.93E+01 1.03E+02 1.23E+02 1.18E+02 9.77E+01 7.05E+01 4.51E+01 2.57E+01 1.32E+01 6.09E+00 2.54E+00 9.55E-01 3.26E-01 1.01E-01 2.82E-02 7.18E-03 1.66E-03 3.48E-04 6.64E-05 1.15E-05 1.81E-06 2.60E-07 3.40E-08 4.03E-09 4.36E-10 4.29E-11 3.84E-12 3.13E-13 2.32E-14 1.57E-15 
   7.00  1.041  1.42E+03 1.05E+03 1.05E+03 9.26E+01 1.61E+02 1.92E+02 1.85E+02 1.53E+02 1.10E+02 7.05E+01 4.02E+01 2.06E+01 9.52E+00 3.97E+00 1.49E+00 5.09E-01 1.57E-01 4.41E-02 1.12E-02 2.59E-03 5.44E-04 1.04E-04 1.80E-05 2.84E-06 4.07E-07 5.31E-08 6.31E-09 6.81E-10 6.70E-11 6.00E-12 4.89E-13 3.63E-14 2.45E-15 
   7.50  1.227  2.32E+03 1.80E+03 1.80E+03 1.59E+02 2.77E+02 3.29E+02 3.18E+02 2.62E+02 1.89E+02 1.21E+02 6.90E+01 3.54E+01 1.63E+01 6.80E+00 2.56E+00 8.73E-01 2.70E-01 7.56E-02 1.92E-02 4.44E-03 9.33E-04 1.78E-04 3.09E-05 4.86E-06 6.98E-07 9.11E-08 1.08E-08 1.17E-09 1.15E-10 1.03E-11 8.39E-13 6.23E-14 4.21E-15 
   8.00  0.915  3.87E+03 3.10E+03 3.10E+03 2.74E+02 4.77E+02 5.68E+02 5.48E+02 4.52E+02 3.26E+02 2.09E+02 1.19E+02 6.10E+01 2.82E+01 1.17E+01 4.42E+00 1.51E+00 4.66E-01 1.31E-01 3.32E-02 7.67E-03 1.61E-03 3.07E-04 5.32E-05 8.40E-06 1.20E-06 1.57E-07 1.87E-08 2.02E-09 1.98E-10 1.78E-11 1.45E-12 1.07E-13 7.26E-15 
   8.50  0.915  6.55E+03 5.36E+03 5.36E+03 4.73E+02 8.23E+02 9.80E+02 9.45E+02 7.79E+02 5.62E+02 3.60E+02 2.05E+02 1.05E+02 4.86E+01 2.02E+01 7.62E+00 2.60E+00 8.03E-01 2.25E-01 5.73E-02 1.32E-02 2.78E-03 5.30E-04 9.18E-05 1.45E-05 2.08E-06 2.71E-07 3.22E-08 3.48E-09 3.42E-10 3.06E-11 2.50E-12 1.85E-13 1.25E-14 
   9.00  0.915  1.12E+04 9.24E+03 9.24E+03 8.16E+02 1.42E+03 1.69E+03 1.63E+03 1.34E+03 9.70E+02 6.21E+02 3.54E+02 1.82E+02 8.39E+01 3.49E+01 1.32E+01 4.49E+00 1.39E+00 3.88E-01 9.88E-02 2.28E-02 4.79E-03 9.14E-04 1.58E-04 2.50E-05 3.58E-06 4.68E-07 5.55E-08 6.00E-09 5.90E-10 5.29E-11 4.31E-12 3.20E-13 2.16E-14 
   9.50  0.915  1.92E+04 1.60E+04 1.60E+04 1.41E+03 2.46E+03 2.93E+03 2.82E+03 2.33E+03 1.68E+03 1.07E+03 6.13E+02 3.14E+02 1.45E+02 6.04E+01 2.28E+01 7.76E+00 2.40E+00 6.72E-01 1.71E-01 3.95E-02 8.29E-03 1.58E-03 2.74E-04 4.32E-05 6.20E-06 8.09E-07 9.61E-08 1.04E-08 1.02E-09 9.15E-11 7.46E-12 5.53E-13 3.74E-14 
  10.00  0.915  3.30E+04 2.76E+04 2.76E+04 2.44E+03 4.25E+03 5.06E+03 4.88E+03 4.02E+03 2.90E+03 1.86E+03 1.06E+03 5.43E+02 2.51E+02 1.04E+02 3.93E+01 1.34E+01 4.15E+00 1.16E+00 2.96E-01 6.83E-02 1.43E-02 2.73E-03 4.74E-04 7.47E-05 1.07E-05 1.40E-06 1.66E-07 1.80E-08 1.77E-09 1.58E-10 1.29E-11 9.57E-13 6.47E-14 
  11.00  0.915  1.15E+05 8.25E+04 8.25E+04 7.29E+03 1.27E+04 1.51E+04 1.46E+04 1.20E+04 8.66E+03 5.54E+03 3.16E+03 1.62E+03 7.49E+02 3.12E+02 1.17E+02 4.00E+01 1.24E+01 3.47E+00 8.82E-01 2.04E-01 4.28E-02 8.16E-03 1.41E-03 2.23E-04 3.20E-05 4.18E-06 4.96E-07 5.36E-08 5.27E-09 4.72E-10 3.85E-11 2.86E-12 1.93E-13 
  12.00  0.915  3.61E+05 2.46E+05 2.46E+05 2.17E+04 3.78E+04 4.50E+04 4.34E+04 3.58E+04 2.58E+04 1.65E+04 9.43E+03 4.83E+03 2.23E+03 9.29E+02 3.50E+02 1.19E+02 3.69E+01 1.03E+01 2.63E+00 6.07E-01 1.27E-01 2.43E-02 4.21E-03 6.65E-04 9.53E-05 1.24E-05 1.48E-06 1.60E-07 1.57E-08 1.41E-09 1.15E-10 8.51E-12 5.75E-13 
  13.00  0.915  1.09E+06 7.32E+05 7.32E+05 6.46E+04 1.12E+05 1.34E+05 1.29E+05 1.06E+05 7.68E+04 4.91E+04 2.81E+04 1.44E+04 6.64E+03 2.77E+03 1.04E+03 3.55E+02 1.10E+02 3.08E+01 7.82E+00 1.81E+00 3.79E-01 7.23E-02 1.25E-02 1.98E-03 2.84E-04 3.70E-05 4.40E-06 4.75E-07 4.67E-08 4.19E-09 3.41E-10 2.53E-11 1.71E-12 
  14.00  0.915  3.28E+06 2.19E+06 2.19E+06 1.93E+05 3.36E+05 4.00E+05 3.86E+05 3.18E+05 2.30E+05 1.47E+05 8.39E+04 4.30E+04 1.99E+04 8.27E+03 3.12E+03 1.06E+03 3.28E+02 9.20E+01 2.34E+01 5.41E+00 1.13E+00 2.16E-01 3.75E-02 5.92E-03 8.49E-04 1.11E-04 1.32E-05 1.42E-06 1.40E-07 1.25E-08 1.02E-09 7.57E-11 5.12E-12 
  15.00  0.915  9.81E+06 6.53E+06 6.53E+06 5.77E+05 1.00E+06 1.20E+06 1.15E+06 9.51E+05 6.86E+05 4.39E+05 2.51E+05 1.28E+05 5.93E+04 2.47E+04 9.30E+03 3.17E+03 9.80E+02 2.75E+02 6.98E+01 1.61E+01 3.39E+00 6.46E-01 1.12E-01 1.77E-02 2.53E-03 3.31E-04 3.93E-05 4.24E-06 4.17E-07 3.74E-08 3.05E-09 2.26E-10 1.53E-11 
  16.00  0.915  2.93E+07 1.95E+07 1.95E+07 1.72E+06 2.99E+06 3.56E+06 3.44E+06 2.83E+06 2.04E+06 1.31E+06 7.46E+05 3.83E+05 1.77E+05 7.36E+04 2.77E+04 9.45E+03 2.92E+03 8.18E+02 2.08E+02 4.81E+01 1.01E+01 1.92E+00 3.34E-01 5.26E-02 7.55E-03 9.85E-04 1.17E-04 1.26E-05 1.24E-06 1.11E-07 9.08E-09 6.74E-10 4.55E-11 
  17.00  0.915  8.72E+07 5.79E+07 5.79E+07 5.11E+06 8.90E+06 1.06E+07 1.02E+07 8.43E+06 6.08E+06 3.89E+06 2.22E+06 1.14E+06 5.26E+05 2.19E+05 8.25E+04 2.81E+04 8.69E+03 2.43E+03 6.19E+02 1.43E+02 3.00E+01 5.73E+00 9.93E-01 1.57E-01 2.25E-02 2.93E-03 3.48E-04 3.76E-05 3.70E-06 3.31E-07 2.70E-08 2.00E-09 1.36E-10 
  18.00  0.915  2.60E+08 1.73E+08 1.73E+08 1.53E+07 2.66E+07 3.17E+07 3.06E+07 2.52E+07 1.82E+07 1.16E+07 6.65E+06 3.41E+06 1.57E+06 6.55E+05 2.47E+05 8.41E+04 2.60E+04 7.28E+03 1.85E+03 4.28E+02 8.98E+01 1.71E+01 2.97E+00 4.68E-01 6.72E-02 8.77E-03 1.04E-03 1.13E-04 1.11E-05 9.91E-07 8.08E-08 6.00E-09 4.05E-10 
  19.00  0.915  7.78E+08 5.17E+08 5.17E+08 4.57E+07 7.95E+07 9.46E+07 9.13E+07 7.53E+07 5.43E+07 3.47E+07 1.98E+07 1.02E+07 4.69E+06 1.95E+06 7.36E+05 2.51E+05 7.76E+04 2.17E+04 5.53E+03 1.28E+03 2.68E+02 5.11E+01 8.87E+00 1.40E+00 2.01E-01 2.62E-02 3.11E-03 3.36E-04 3.30E-05 2.96E-06 2.41E-07 1.79E-08 1.21E-09 
  20.00  0.915  2.32E+09 1.54E+09 1.54E+09 1.36E+08 2.37E+08 2.82E+08 2.72E+08 2.24E+08 1.62E+08 1.03E+08 5.91E+07 3.03E+07 1.40E+07 5.82E+06 2.19E+06 7.48E+05 2.31E+05 6.48E+04 1.65E+04 3.81E+03 7.99E+02 1.52E+02 2.64E+01 4.17E+00 5.98E-01 7.80E-02 9.26E-03 1.00E-03 9.84E-05 8.81E-06 7.18E-07 5.33E-08 3.60E-09 
  22.50  0.915  6.16E+10 2.37E+10 2.37E+10 2.09E+09 3.64E+09 4.34E+09 4.18E+09 3.45E+09 2.49E+09 1.59E+09 9.09E+08 4.66E+08 2.15E+08 8.96E+07 3.37E+07 1.15E+07 3.56E+06 9.96E+05 2.53E+05 5.85E+04 1.23E+04 2.34E+03 4.06E+02 6.41E+01 9.19E+00 1.20E+00 1.42E-01 1.54E-02 1.51E-03 1.36E-04 1.11E-05 8.20E-07 5.55E-08 
  25.00  0.915  9.69E+11 3.63E+11 3.63E+11 3.21E+10 5.58E+10 6.64E+10 6.41E+10 5.28E+10 3.81E+10 2.44E+10 1.39E+10 7.14E+09 3.29E+09 1.37E+09 5.17E+08 1.76E+08 5.45E+07 1.53E+07 3.88E+06 8.97E+05 1.88E+05 3.59E+04 6.22E+03 9.82E+02 1.41E+02 1.84E+01 2.18E+00 2.36E-01 2.32E-02 2.08E-03 1.69E-04 1.26E-05 8.49E-07 
  30.00  0.915  4.31E+14 8.60E+13 8.60E+13 7.59E+12 1.32E+13 1.57E+13 1.52E+13 1.25E+13 9.03E+12 5.77E+12 3.30E+12 1.69E+12 7.80E+11 3.25E+11 1.22E+11 4.17E+10 1.29E+10 3.61E+09 9.19E+08 2.12E+08 4.46E+07 8.50E+06 1.47E+06 2.32E+05 3.33E+04 4.35E+03 5.17E+02 5.58E+01 5.49E+00 4.92E-01 4.01E-02 2.98E-03 2.01E-04 
  40.00  0.915  4.79E+19 4.79E+18 4.79E+18 4.23E+17 7.37E+17 8.77E+17 8.46E+17 6.97E+17 5.03E+17 3.22E+17 1.84E+17 9.42E+16 4.35E+16 1.81E+16 6.82E+15 2.33E+15 7.19E+14 2.01E+14 5.12E+13 1.18E+13 2.48E+12 4.74E+11 8.22E+10 1.30E+10 1.86E+09 2.43E+08 2.88E+07 3.11E+06 3.06E+05 2.74E+04 2.23E+03 1.66E+02 1.12E+01 
  50.00  0.915  2.67E+24 2.67E+23 2.67E+23 2.36E+22 4.11E+22 4.89E+22 4.72E+22 3.89E+22 2.81E+22 1.80E+22 1.03E+22 5.26E+21 2.43E+21 1.01E+21 3.81E+20 1.30E+20 4.01E+19 1.12E+19 2.86E+18 6.60E+17 1.39E+17 2.64E+16 4.58E+15 7.23E+14 1.04E+14 1.35E+13 1.61E+12 1.74E+11 1.71E+10 1.53E+09 1.25E+08 9.25E+06 6.26E+05 
  60.00  0.915  1.49E+29 1.49E+28 1.49E+28 1.32E+27 2.29E+27 2.73E+27 2.63E+27 2.17E+27 1.56E+27 1.00E+27 5.72E+26 2.93E+26 1.35E+26 5.63E+25 2.12E+25 7.23E+24 2.24E+24 6.26E+23 1.59E+23 3.68E+22 7.73E+21 1.47E+21 2.56E+20 4.03E+19 5.78E+18 7.54E+17 8.96E+16 9.68E+15 9.52E+14 8.53E+13 6.95E+12 5.16E+11 3.49E+10 
