5264.7		2.44E-12
5528.44	4.05E-12
5663.78	4.85E-12
5797.18	5.39E-12
5923.24	6.31E-12
6080.2		8.02E-12
6185.89	8.86E-12
6371.37	9.54E-12
6481.89	1.08E-11
6680.21	1.27E-11
6773.08	1.60E-11
6990.19	2.15E-11
7079.95	3.49E-11
7270.76	7.39E-11
7395.32	1.20E-10
7573.02	2.17E-10
7667.68	2.71E-10
7892.48	4.01E-10
7966.7		4.70E-10
8173.49	6.53E-10
8292.51	8.93E-10
8470.68	1.64E-09
8571.61	1.77E-09
8777.64	1.49E-09
8861.38	1.49E-09
9061.45	1.45E-09
9179.57	1.67E-09
9458.86	2.74E-09
9458.86	3.44E-10
9179.57	2.75E-10
9061.45	2.46E-10
8861.38	1.80E-10
8777.64	9.39E-11
8571.61	9.11E-11
8470.68	5.68E-11
8292.51	4.77E-11
8173.49	2.85E-11
7966.7		2.72E-11
7892.48	1.47E-11
7667.68	1.38E-11
7573.02	5.83E-12
7395.32	5.40E-12
7270.76	2.50E-12
7079.95	2.08E-12
6990.19	8.16E-13
6773.08	7.30E-13
6680.21	5.26E-13
6481.89	4.40E-13
6371.37	3.58E-13
6185.89	3.39E-13
6080.2		2.85E-13
5923.24	2.56E-13
5797.18	2.13E-13
5663.78	1.94E-13
5528.44	1.67E-13
5264.7		1.47E-13

